 -0.6419969E+02  0.5880201E+03  0.0000000E+00  0.5502840E+02  0.5599370E+02
 -0.6339939E+02  0.5880202E+03  0.1220703E-03  0.5475478E+02  0.5575685E+02
 -0.6259908E+02  0.5880203E+03  0.2441406E-03  0.5448132E+02  0.5552094E+02
 -0.6179877E+02  0.5880204E+03  0.3051758E-03  0.5420991E+02  0.5528792E+02
 -0.6099846E+02  0.5880206E+03  0.5493164E-03  0.5393907E+02  0.5505620E+02
 -0.6019816E+02  0.5880207E+03  0.6103516E-03  0.5366610E+02  0.5482292E+02
 -0.5939785E+02  0.5880209E+03  0.7934570E-03  0.5339299E+02  0.5459021E+02
 -0.5859754E+02  0.5880211E+03  0.1037598E-02  0.5311723E+02  0.5435544E+02
 -0.5779723E+02  0.5880213E+03  0.1220703E-02  0.5283810E+02  0.5411776E+02
 -0.5699693E+02  0.5880215E+03  0.1403809E-02  0.5255734E+02  0.5387913E+02
 -0.5619662E+02  0.5880218E+03  0.1708984E-02  0.5227703E+02  0.5364162E+02
 -0.5539631E+02  0.5880222E+03  0.2136231E-02  0.5199416E+02  0.5340211E+02
 -0.5459600E+02  0.5880225E+03  0.2441406E-02  0.5170654E+02  0.5315821E+02
 -0.5379569E+02  0.5880230E+03  0.2929688E-02  0.5142058E+02  0.5291675E+02
 -0.5299538E+02  0.5880235E+03  0.3417969E-02  0.5113518E+02  0.5267648E+02
 -0.5219507E+02  0.5880241E+03  0.4028320E-02  0.5084886E+02  0.5243575E+02
 -0.5139476E+02  0.5880248E+03  0.4699707E-02  0.5055540E+02  0.5218794E+02
 -0.5059445E+02  0.5880257E+03  0.5615234E-02  0.5026762E+02  0.5194668E+02
 -0.4979414E+02  0.5880267E+03  0.6591797E-02  0.4997290E+02  0.5169841E+02
 -0.4899383E+02  0.5880280E+03  0.7934570E-02  0.4967801E+02  0.5145039E+02
 -0.4819351E+02  0.5880295E+03  0.9399414E-02  0.4938081E+02  0.5120022E+02
 -0.4739320E+02  0.5880313E+03  0.1123047E-01  0.4907494E+02  0.5094103E+02
 -0.4659288E+02  0.5880335E+03  0.1342773E-01  0.4877071E+02  0.5068389E+02
 -0.4579256E+02  0.5880362E+03  0.1611328E-01  0.4846236E+02  0.5042244E+02
 -0.4499224E+02  0.5880397E+03  0.1959229E-01  0.4815070E+02  0.5015751E+02
 -0.4419192E+02  0.5880441E+03  0.2404785E-01  0.4783700E+02  0.4989040E+02
 -0.4339159E+02  0.5880500E+03  0.2990723E-01  0.4751746E+02  0.4961685E+02
 -0.4259125E+02  0.5880579E+03  0.3784180E-01  0.4719121E+02  0.4933579E+02
 -0.4179091E+02  0.5880671E+03  0.4699707E-01  0.4686574E+02  0.4905528E+02
 -0.4099056E+02  0.5880748E+03  0.5474854E-01  0.4653363E+02  0.4876695E+02
 -0.4019022E+02  0.5880748E+03  0.5474854E-01  0.4619641E+02  0.4847231E+02
 -0.3938990E+02  0.5880596E+03  0.3948975E-01  0.4585121E+02  0.4816786E+02
 -0.3858959E+02  0.5880330E+03  0.1293945E-01  0.4550164E+02  0.4785743E+02
 -0.3778931E+02  0.5880030E+03 -0.1708984E-01  0.4514596E+02  0.4753876E+02
 -0.3698905E+02  0.5879698E+03 -0.5029297E-01  0.4478291E+02  0.4721022E+02
 -0.3618881E+02  0.5879325E+03 -0.8758545E-01  0.4441225E+02  0.4687127E+02
 -0.3538861E+02  0.5878906E+03 -0.1294556E+00  0.4402832E+02  0.4651535E+02
 -0.3458844E+02  0.5878443E+03 -0.1757813E+00  0.4363713E+02  0.4614889E+02
 -0.3378830E+02  0.5877949E+03 -0.2251587E+00  0.4323148E+02  0.4576354E+02
 -0.3298820E+02  0.5877430E+03 -0.2770996E+00  0.4281002E+02  0.4535737E+02
 -0.3218814E+02  0.5876886E+03 -0.3314819E+00  0.4237050E+02  0.4492742E+02
 -0.3138811E+02  0.5876328E+03 -0.3872681E+00  0.4191098E+02  0.4447097E+02
 -0.3058813E+02  0.5875768E+03 -0.4432983E+00  0.4143068E+02  0.4398653E+02
 -0.2978818E+02  0.5875207E+03 -0.4993897E+00  0.4092920E+02  0.4347297E+02
 -0.2898827E+02  0.5874642E+03 -0.5559082E+00  0.4041295E+02  0.4293720E+02
 -0.2818840E+02  0.5874074E+03 -0.6126709E+00  0.3989304E+02  0.4239198E+02
 -0.2738857E+02  0.5873497E+03 -0.6704102E+00  0.3938004E+02  0.4184981E+02
 -0.2658878E+02  0.5872918E+03 -0.7282715E+00  0.3887833E+02  0.4131593E+02
 -0.2578903E+02  0.5872346E+03 -0.7854614E+00  0.3838831E+02  0.4079083E+02
 -0.2498931E+02  0.5871793E+03 -0.8407593E+00  0.3791031E+02  0.4027488E+02
 -0.2418963E+02  0.5871264E+03 -0.8936768E+00  0.3744455E+02  0.3976844E+02
 -0.2338998E+02  0.5870747E+03 -0.9453735E+00  0.3699133E+02  0.3927195E+02
 -0.2259037E+02  0.5870234E+03 -0.9967041E+00  0.3655093E+02  0.3878579E+02
 -0.2179080E+02  0.5869727E+03 -0.1047363E+01  0.3612357E+02  0.3831037E+02
 -0.2099125E+02  0.5869235E+03 -0.1096558E+01  0.3570944E+02  0.3784608E+02
 -0.2019174E+02  0.5868763E+03 -0.1143799E+01  0.3530872E+02  0.3739332E+02
 -0.1939226E+02  0.5868310E+03 -0.1189087E+01  0.3492154E+02  0.3695250E+02
 -0.1859281E+02  0.5867865E+03 -0.1233582E+01  0.3454810E+02  0.3652400E+02
 -0.1779338E+02  0.5867422E+03 -0.1277893E+01  0.3418848E+02  0.3610819E+02
 -0.1699399E+02  0.5866992E+03 -0.1320862E+01  0.3384274E+02  0.3570547E+02
 -0.1619463E+02  0.5866575E+03 -0.1362610E+01  0.3351102E+02  0.3531619E+02
 -0.1539529E+02  0.5866159E+03 -0.1404175E+01  0.3319339E+02  0.3494077E+02
 -0.1459598E+02  0.5865740E+03 -0.1446106E+01  0.3288992E+02  0.3457956E+02
 -0.1379670E+02  0.5865329E+03 -0.1487183E+01  0.3260068E+02  0.3423298E+02
 -0.1299745E+02  0.5864928E+03 -0.1527283E+01  0.3232581E+02  0.3390140E+02
 -0.1219822E+02  0.5864527E+03 -0.1567383E+01  0.3206534E+02  0.3358525E+02
 -0.1139902E+02  0.5864125E+03 -0.1607605E+01  0.3181940E+02  0.3328489E+02
 -0.1059985E+02  0.5863720E+03 -0.1648071E+01  0.3158811E+02  0.3300076E+02
 -0.9800711E+01  0.5863301E+03 -0.1690002E+01  0.3137149E+02  0.3273322E+02
 -0.9001599E+01  0.5862872E+03 -0.1732910E+01  0.3116974E+02  0.3248271E+02
 -0.8202516E+01  0.5862447E+03 -0.1775391E+01  0.3098294E+02  0.3224962E+02
 -0.7403460E+01  0.5862031E+03 -0.1816956E+01  0.3081119E+02  0.3203439E+02
 -0.6604433E+01  0.5861620E+03 -0.1858093E+01  0.3065466E+02  0.3183740E+02
 -0.5805434E+01  0.5861206E+03 -0.1899475E+01  0.3051351E+02  0.3165911E+02
 -0.5006464E+01  0.5860782E+03 -0.1941895E+01  0.3038791E+02  0.3149989E+02
 -0.4207525E+01  0.5860348E+03 -0.1985291E+01  0.3027800E+02  0.3136013E+02
 -0.3408615E+01  0.5859910E+03 -0.2029053E+01  0.3018394E+02  0.3124022E+02
 -0.2609735E+01  0.5859472E+03 -0.2072876E+01  0.3010584E+02  0.3114045E+02
 -0.1810885E+01  0.5859029E+03 -0.2117188E+01  0.3004381E+02  0.3106112E+02
 -0.1012068E+01  0.5858572E+03 -0.2162903E+01  0.2999795E+02  0.3100247E+02
 -0.2132825E+00  0.5858099E+03 -0.2210205E+01  0.2996836E+02  0.3096468E+02
  0.5854694E+00  0.5857616E+03 -0.2258484E+01  0.2995508E+02  0.3094789E+02
  0.1384189E+01  0.5857134E+03 -0.2306702E+01  0.2995816E+02  0.3095219E+02
  0.2182875E+01  0.5856655E+03 -0.2354553E+01  0.2997764E+02  0.3097763E+02
  0.2981528E+01  0.5856166E+03 -0.2403503E+01  0.3001352E+02  0.3102414E+02
  0.3780146E+01  0.5855664E+03 -0.2453674E+01  0.3006575E+02  0.3109163E+02
  0.4578730E+01  0.5855165E+03 -0.2503601E+01  0.3013427E+02  0.3117990E+02
  0.5377282E+01  0.5854676E+03 -0.2552490E+01  0.3021896E+02  0.3128871E+02
  0.6175801E+01  0.5854197E+03 -0.2600403E+01  0.3031972E+02  0.3141779E+02
  0.6974287E+01  0.5853720E+03 -0.2648071E+01  0.3043641E+02  0.3156678E+02
  0.7772740E+01  0.5853234E+03 -0.2696655E+01  0.3056894E+02  0.3173531E+02
  0.8571159E+01  0.5852742E+03 -0.2745911E+01  0.3071710E+02  0.3192296E+02
  0.9369547E+01  0.5852261E+03 -0.2794006E+01  0.3088077E+02  0.3212927E+02
  0.1016790E+02  0.5851789E+03 -0.2841187E+01  0.3105975E+02  0.3235377E+02
  0.1096622E+02  0.5851313E+03 -0.2888794E+01  0.3125394E+02  0.3259599E+02
  0.1176451E+02  0.5850826E+03 -0.2937500E+01  0.3146314E+02  0.3285542E+02
  0.1256277E+02  0.5850340E+03 -0.2986084E+01  0.3168723E+02  0.3313162E+02
  0.1336099E+02  0.5849862E+03 -0.3033875E+01  0.3192609E+02  0.3342409E+02
  0.1415918E+02  0.5849381E+03 -0.3081970E+01  0.3217954E+02  0.3373237E+02
  0.1495734E+02  0.5848887E+03 -0.3131409E+01  0.3244751E+02  0.3405604E+02
  0.1575546E+02  0.5848385E+03 -0.3181580E+01  0.3272992E+02  0.3439467E+02
  0.1655355E+02  0.5847886E+03 -0.3231506E+01  0.3302661E+02  0.3474784E+02
  0.1735160E+02  0.5847395E+03 -0.3280579E+01  0.3333751E+02  0.3511515E+02
  0.1814962E+02  0.5846899E+03 -0.3330200E+01  0.3366251E+02  0.3549626E+02
  0.1894761E+02  0.5846394E+03 -0.3380676E+01  0.3400154E+02  0.3589078E+02
  0.1974556E+02  0.5845893E+03 -0.3430786E+01  0.3435442E+02  0.3629835E+02
  0.2054348E+02  0.5845405E+03 -0.3479553E+01  0.3472098E+02  0.3671857E+02
  0.2134136E+02  0.5844926E+03 -0.3527466E+01  0.3510113E+02  0.3715115E+02
  0.2213922E+02  0.5844446E+03 -0.3575501E+01  0.3549467E+02  0.3759567E+02
  0.2293704E+02  0.5843966E+03 -0.3623474E+01  0.3590144E+02  0.3805182E+02
  0.2373483E+02  0.5843482E+03 -0.3671875E+01  0.3632122E+02  0.3851922E+02
  0.2453258E+02  0.5842990E+03 -0.3721069E+01  0.3675402E+02  0.3899772E+02
  0.2533030E+02  0.5842494E+03 -0.3770691E+01  0.3719961E+02  0.3948689E+02
  0.2612799E+02  0.5841993E+03 -0.3820801E+01  0.3765770E+02  0.3998636E+02
  0.2692564E+02  0.5841485E+03 -0.3871582E+01  0.3812811E+02  0.4049578E+02
  0.2772325E+02  0.5840974E+03 -0.3922669E+01  0.3861052E+02  0.4101471E+02
  0.2852083E+02  0.5840467E+03 -0.3973389E+01  0.3910475E+02  0.4154286E+02
  0.2931838E+02  0.5839971E+03 -0.4023010E+01  0.3961021E+02  0.4207953E+02
  0.3011589E+02  0.5839483E+03 -0.4071777E+01  0.4012327E+02  0.4262022E+02
  0.3091338E+02  0.5839000E+03 -0.4120056E+01  0.4063628E+02  0.4315588E+02
  0.3171082E+02  0.5838514E+03 -0.4168701E+01  0.4114134E+02  0.4367733E+02
  0.3250824E+02  0.5838020E+03 -0.4218079E+01  0.4162784E+02  0.4417252E+02
  0.3330562E+02  0.5837514E+03 -0.4268677E+01  0.4209449E+02  0.4464050E+02
  0.3410296E+02  0.5836997E+03 -0.4320374E+01  0.4254223E+02  0.4508294E+02
  0.3490027E+02  0.5836470E+03 -0.4373108E+01  0.4297212E+02  0.4550155E+02
  0.3569754E+02  0.5835934E+03 -0.4426697E+01  0.4338760E+02  0.4590076E+02
  0.3649477E+02  0.5835384E+03 -0.4481690E+01  0.4378949E+02  0.4628184E+02
  0.3729196E+02  0.5834811E+03 -0.4539002E+01  0.4418050E+02  0.4664825E+02
  0.3808911E+02  0.5834216E+03 -0.4598511E+01  0.4455936E+02  0.4699884E+02
  0.3888623E+02  0.5833630E+03 -0.4657105E+01  0.4492677E+02  0.4733469E+02
  0.3968331E+02  0.5833118E+03 -0.4708252E+01  0.4528735E+02  0.4766130E+02
  0.4048037E+02  0.5832768E+03 -0.4743286E+01  0.4564046E+02  0.4797831E+02
  0.4127742E+02  0.5832574E+03 -0.4762695E+01  0.4598535E+02  0.4828510E+02
  0.4207447E+02  0.5832439E+03 -0.4776184E+01  0.4632331E+02  0.4858339E+02
  0.4287151E+02  0.5832326E+03 -0.4787476E+01  0.4665817E+02  0.4887764E+02
  0.4366854E+02  0.5832240E+03 -0.4796082E+01  0.4698411E+02  0.4916162E+02
  0.4446557E+02  0.5832182E+03 -0.4801880E+01  0.4730565E+02  0.4944041E+02
  0.4526260E+02  0.5832149E+03 -0.4805176E+01  0.4762264E+02  0.4971405E+02
  0.4605963E+02  0.5832136E+03 -0.4806458E+01  0.4793508E+02  0.4998258E+02
  0.4685666E+02  0.5832143E+03 -0.4805786E+01  0.4824271E+02  0.5024591E+02
  0.4765370E+02  0.5832167E+03 -0.4803406E+01  0.4854535E+02  0.5050389E+02
  0.4845073E+02  0.5832204E+03 -0.4799683E+01  0.4884679E+02  0.5076069E+02
  0.4924777E+02  0.5832253E+03 -0.4794800E+01  0.4914138E+02  0.5101034E+02
  0.5004481E+02  0.5832311E+03 -0.4789002E+01  0.4943679E+02  0.5126114E+02
  0.5084186E+02  0.5832377E+03 -0.4782410E+01  0.4972864E+02  0.5150839E+02
  0.5163891E+02  0.5832450E+03 -0.4775085E+01  0.5001779E+02  0.5175308E+02
  0.5243597E+02  0.5832529E+03 -0.4767151E+01  0.5030405E+02  0.5199507E+02
  0.5323304E+02  0.5832614E+03 -0.4758667E+01  0.5058948E+02  0.5223663E+02
  0.5403011E+02  0.5832703E+03 -0.4749756E+01  0.5087008E+02  0.5247348E+02
  0.5482719E+02  0.5832789E+03 -0.4741211E+01  0.5114938E+02  0.5270938E+02
  0.5562427E+02  0.5832864E+03 -0.4733704E+01  0.5142955E+02  0.5294671E+02
  0.5642135E+02  0.5832925E+03 -0.4727600E+01  0.5170739E+02  0.5318214E+02
  0.5721844E+02  0.5832971E+03 -0.4722961E+01  0.5198380E+02  0.5341655E+02
  0.5801553E+02  0.5833006E+03 -0.4719482E+01  0.5225906E+02  0.5365027E+02
  0.5881262E+02  0.5833032E+03 -0.4716858E+01  0.5253151E+02  0.5388163E+02
  0.5960971E+02  0.5833050E+03 -0.4715088E+01  0.5280063E+02  0.5411001E+02
  0.6040681E+02  0.5833060E+03 -0.4714050E+01  0.5306694E+02  0.5433596E+02
  0.6120390E+02  0.5833065E+03 -0.4713562E+01  0.5333958E+02  0.5456922E+02
  0.6200099E+02  0.5833066E+03 -0.4713501E+01  0.5361029E+02  0.5480108E+02
  0.6279808E+02  0.5833066E+03 -0.4713501E+01  0.5388038E+02  0.5503297E+02
  0.6359518E+02  0.5833065E+03 -0.4713562E+01  0.5414771E+02  0.5526263E+02
  0.6439227E+02  0.5833067E+03 -0.4713379E+01  0.5441317E+02  0.5549105E+02
  0.6518936E+02  0.5833073E+03 -0.4712769E+01  0.5467965E+02  0.5572125E+02
  0.6598646E+02  0.5833082E+03 -0.4711853E+01  0.5494626E+02  0.5595235E+02
  0.6678355E+02  0.5833093E+03 -0.4710754E+01  0.5521598E+02  0.5618754E+02
  0.6758065E+02  0.5833107E+03 -0.4709351E+01  0.5548272E+02  0.5642044E+02
  0.6837775E+02  0.5833119E+03 -0.4708191E+01  0.5574936E+02  0.5665410E+02
  0.6917484E+02  0.5833132E+03 -0.4706909E+01  0.5601528E+02  0.5688787E+02
  0.6997194E+02  0.5833147E+03 -0.4705383E+01  0.5628182E+02  0.5712323E+02
  0.7076904E+02  0.5833165E+03 -0.4703552E+01  0.5654352E+02  0.5735446E+02
  0.7156614E+02  0.5833182E+03 -0.4701904E+01  0.5680343E+02  0.5758474E+02
  0.7236325E+02  0.5833198E+03 -0.4700256E+01  0.5706109E+02  0.5781359E+02
  0.7316035E+02  0.5833210E+03 -0.4699097E+01  0.5731947E+02  0.5804414E+02
  0.7395745E+02  0.5833219E+03 -0.4698181E+01  0.5757725E+02  0.5827505E+02
  0.7475456E+02  0.5833225E+03 -0.4697571E+01  0.5783977E+02  0.5851192E+02
  0.7555166E+02  0.5833228E+03 -0.4697266E+01  0.5809345E+02  0.5874068E+02
  0.7634877E+02  0.5833230E+03 -0.4697083E+01  0.5834953E+02  0.5897297E+02
  0.7714587E+02  0.5833230E+03 -0.4697083E+01  0.5860280E+02  0.5920341E+02
  0.7794297E+02  0.5833230E+03 -0.4697083E+01  0.5885837E+02  0.5943737E+02
  0.7874008E+02  0.5833231E+03 -0.4696960E+01  0.5910852E+02  0.5966684E+02
  0.7953718E+02  0.5833236E+03 -0.4696472E+01  0.5935942E+02  0.5989822E+02
  0.8033429E+02  0.5833245E+03 -0.4695557E+01  0.5960729E+02  0.6012771E+02
  0.8113139E+02  0.5833257E+03 -0.4694397E+01  0.5985373E+02  0.6035689E+02
  0.8192850E+02  0.5833271E+03 -0.4692993E+01  0.6009875E+02  0.6058584E+02
  0.8272561E+02  0.5833288E+03 -0.4691284E+01  0.6033804E+02  0.6081013E+02
  0.8352272E+02  0.5833307E+03 -0.4689392E+01  0.6057366E+02  0.6103188E+02
  0.8431983E+02  0.5833328E+03 -0.4687256E+01  0.6080796E+02  0.6125351E+02
  0.8511694E+02  0.5833350E+03 -0.4685059E+01  0.6103872E+02  0.6147278E+02
  0.8591406E+02  0.5833374E+03 -0.4682678E+01  0.6126720E+02  0.6169109E+02
  0.8671118E+02  0.5833400E+03 -0.4680054E+01  0.6149386E+02  0.6190893E+02
  0.8750829E+02  0.5833429E+03 -0.4677185E+01  0.6171854E+02  0.6212629E+02
  0.8830541E+02  0.5833459E+03 -0.4674194E+01  0.6193658E+02  0.6233850E+02
  0.8910254E+02  0.5833491E+03 -0.4670960E+01  0.6215993E+02  0.6255781E+02
  0.8989966E+02  0.5833522E+03 -0.4667908E+01  0.6238223E+02  0.6277810E+02
  0.9069679E+02  0.5833548E+03 -0.4665283E+01  0.6259832E+02  0.6299431E+02
  0.9149392E+02  0.5833572E+03 -0.4662903E+01  0.6280590E+02  0.6320449E+02
  0.9229105E+02  0.5833596E+03 -0.4660461E+01  0.6301593E+02  0.6341984E+02
  0.9308818E+02  0.5833619E+03 -0.4658203E+01  0.6321305E+02  0.6362555E+02
  0.9388531E+02  0.5833639E+03 -0.4656189E+01  0.6339434E+02  0.6381915E+02
  0.9468244E+02  0.5833655E+03 -0.4654602E+01  0.6356000E+02  0.6400127E+02
  0.9547958E+02  0.5833666E+03 -0.4653503E+01  0.6370881E+02  0.6417122E+02
  0.9627671E+02  0.5833673E+03 -0.4652771E+01  0.6383554E+02  0.6432468E+02
  0.9707385E+02  0.5833681E+03 -0.4651978E+01  0.6394497E+02  0.6446709E+02
  0.9787098E+02  0.5833689E+03 -0.4651184E+01  0.6402117E+02  0.6458415E+02
  0.9866812E+02  0.5833697E+03 -0.4650391E+01  0.6406933E+02  0.6468222E+02
  0.9946526E+02  0.5833704E+03 -0.4649658E+01  0.6409004E+02  0.6476345E+02
  0.1002624E+03  0.5833709E+03 -0.4649170E+01  0.6408168E+02  0.6482836E+02
  0.1010595E+03  0.5833714E+03 -0.4648682E+01  0.6402323E+02  0.6486026E+02
  0.1018567E+03  0.5833718E+03 -0.4648254E+01  0.6388345E+02  0.6483424E+02
  0.1026538E+03  0.5833721E+03 -0.4648010E+01  0.6361290E+02  0.6471092E+02
  0.1034509E+03  0.5833724E+03 -0.4647705E+01  0.6317255E+02  0.6446069E+02
  0.1042481E+03  0.5833730E+03 -0.4647095E+01  0.6248251E+02  0.6401955E+02
  0.1050452E+03  0.5833738E+03 -0.4646301E+01  0.6143218E+02  0.6329698E+02
  0.1058424E+03  0.5833748E+03 -0.4645264E+01  0.5992162E+02  0.6220546E+02
  0.1066395E+03  0.5833759E+03 -0.4644165E+01  0.5785748E+02  0.6065055E+02
  0.1074366E+03  0.5833772E+03 -0.4642883E+01  0.5513535E+02  0.5850556E+02
  0.1082338E+03  0.5833785E+03 -0.4641602E+01  0.5197262E+02  0.5589165E+02
  0.1090309E+03  0.5833799E+03 -0.4640198E+01  0.4874713E+02  0.5308491E+02
  0.1098281E+03  0.5833810E+03 -0.4639099E+01  0.4600993E+02  0.5058355E+02
  0.1106252E+03  0.5833817E+03 -0.4638367E+01  0.4417561E+02  0.4884871E+02
  0.1114224E+03  0.5833823E+03 -0.4637756E+01  0.4313399E+02  0.4785445E+02
  0.1122195E+03  0.5833829E+03 -0.4637207E+01  0.4259920E+02  0.4735781E+02
  0.1130167E+03  0.5833838E+03 -0.4636292E+01  0.4233402E+02  0.4713278E+02
  0.1138138E+03  0.5833848E+03 -0.4635254E+01  0.4208038E+02  0.4691766E+02
  0.1146109E+03  0.5833857E+03 -0.4634399E+01  0.4188436E+02  0.4676118E+02
  0.1154081E+03  0.5833867E+03 -0.4633362E+01  0.4171087E+02  0.4662762E+02
  0.1162052E+03  0.5833876E+03 -0.4632507E+01  0.4159222E+02  0.4655049E+02
  0.1170024E+03  0.5833885E+03 -0.4631592E+01  0.4144627E+02  0.4644474E+02
  0.1177995E+03  0.5833892E+03 -0.4630859E+01  0.4130109E+02  0.4633994E+02
  0.1185967E+03  0.5833897E+03 -0.4630371E+01  0.4115732E+02  0.4623603E+02
  0.1193938E+03  0.5833899E+03 -0.4630188E+01  0.4103673E+02  0.4615606E+02
  0.1201910E+03  0.5833898E+03 -0.4630310E+01  0.4093712E+02  0.4609791E+02
  0.1209881E+03  0.5833894E+03 -0.4630676E+01  0.4082469E+02  0.4602736E+02
  0.1217853E+03  0.5833888E+03 -0.4631287E+01  0.4068161E+02  0.4592523E+02
  0.1225824E+03  0.5833882E+03 -0.4631897E+01  0.4052805E+02  0.4581208E+02
  0.1233796E+03  0.5833877E+03 -0.4632385E+01  0.4045116E+02  0.4577885E+02
  0.1241767E+03  0.5833871E+03 -0.4632996E+01  0.4034883E+02  0.4571981E+02
  0.1249739E+03  0.5833867E+03 -0.4633362E+01  0.4017862E+02  0.4558961E+02
  0.1257710E+03  0.5833865E+03 -0.4633606E+01  0.4006719E+02  0.4551935E+02
  0.1265682E+03  0.5833864E+03 -0.4633667E+01  0.3995185E+02  0.4544460E+02
  0.1273653E+03  0.5833862E+03 -0.4633850E+01  0.3980333E+02  0.4533567E+02
  0.1281625E+03  0.5833859E+03 -0.4634155E+01  0.3966993E+02  0.4524172E+02
  0.1289596E+03  0.5833860E+03 -0.4634094E+01  0.3948677E+02  0.4509489E+02
  0.1297568E+03  0.5833866E+03 -0.4633484E+01  0.3938378E+02  0.4503182E+02
  0.1305539E+03  0.5833877E+03 -0.4632385E+01  0.3921839E+02  0.4490450E+02
  0.1313511E+03  0.5833891E+03 -0.4630981E+01  0.3910749E+02  0.4483295E+02
  0.1321482E+03  0.5833905E+03 -0.4629578E+01  0.3897801E+02  0.4474109E+02
  0.1329454E+03  0.5833921E+03 -0.4627991E+01  0.3881850E+02  0.4461699E+02
  0.1337425E+03  0.5833936E+03 -0.4626465E+01  0.3871759E+02  0.4455375E+02
  0.1345397E+03  0.5833953E+03 -0.4624756E+01  0.3860546E+02  0.4447930E+02
  0.1353368E+03  0.5833975E+03 -0.4622559E+01  0.3856372E+02  0.4447950E+02
  0.1361340E+03  0.5833999E+03 -0.4620178E+01  0.3842250E+02  0.4437490E+02
  0.1369311E+03  0.5834024E+03 -0.4617676E+01  0.3826461E+02  0.4425172E+02
  0.1377283E+03  0.5834045E+03 -0.4615601E+01  0.3812772E+02  0.4414959E+02
  0.1385255E+03  0.5834062E+03 -0.4613892E+01  0.3797810E+02  0.4403467E+02
  0.1393226E+03  0.5834075E+03 -0.4612610E+01  0.3789425E+02  0.4398895E+02
  0.1401198E+03  0.5834085E+03 -0.4611572E+01  0.3775245E+02  0.4388083E+02
  0.1409170E+03  0.5834093E+03 -0.4610779E+01  0.3765046E+02  0.4381241E+02
  0.1417141E+03  0.5834099E+03 -0.4610169E+01  0.3757502E+02  0.4377085E+02
  0.1425113E+03  0.5834104E+03 -0.4609680E+01  0.3742850E+02  0.4365387E+02
  0.1433084E+03  0.5834105E+03 -0.4609558E+01  0.3731183E+02  0.4356808E+02
  0.1441056E+03  0.5834102E+03 -0.4609863E+01  0.3715733E+02  0.4344241E+02
  0.1449028E+03  0.5834095E+03 -0.4610596E+01  0.3706005E+02  0.4337672E+02
  0.1456999E+03  0.5834087E+03 -0.4611389E+01  0.3693137E+02  0.4327713E+02
  0.1464971E+03  0.5834079E+03 -0.4612183E+01  0.3680687E+02  0.4318235E+02
  0.1472943E+03  0.5834073E+03 -0.4612793E+01  0.3665931E+02  0.4306403E+02
  0.1480914E+03  0.5834069E+03 -0.4613159E+01  0.3649324E+02  0.4292658E+02
  0.1488886E+03  0.5834068E+03 -0.4613281E+01  0.3639917E+02  0.4286566E+02
  0.1496857E+03  0.5834071E+03 -0.4612976E+01  0.3630148E+02  0.4280020E+02
  0.1504829E+03  0.5834076E+03 -0.4612488E+01  0.3621162E+02  0.4274254E+02
  0.1512801E+03  0.5834081E+03 -0.4612000E+01  0.3607710E+02  0.4263709E+02
  0.1520772E+03  0.5834088E+03 -0.4611267E+01  0.3597789E+02  0.4256905E+02
  0.1528744E+03  0.5834096E+03 -0.4610474E+01  0.3583896E+02  0.4245842E+02
  0.1536716E+03  0.5834106E+03 -0.4609497E+01  0.3576092E+02  0.4241242E+02
  0.1544687E+03  0.5834117E+03 -0.4608398E+01  0.3561867E+02  0.4229790E+02
  0.1552659E+03  0.5834128E+03 -0.4607300E+01  0.3555647E+02  0.4226930E+02
  0.1560631E+03  0.5834137E+03 -0.4606384E+01  0.3544898E+02  0.4219133E+02
  0.1568602E+03  0.5834145E+03 -0.4605591E+01  0.3533707E+02  0.4210857E+02
  0.1576574E+03  0.5834152E+03 -0.4604858E+01  0.3520198E+02  0.4200085E+02
  0.1584546E+03  0.5834157E+03 -0.4604370E+01  0.3507403E+02  0.4190117E+02
  0.1592517E+03  0.5834157E+03 -0.4604370E+01  0.3500628E+02  0.4186587E+02
  0.1600489E+03  0.5834153E+03 -0.4604797E+01  0.3485126E+02  0.4173666E+02
  0.1608461E+03  0.5834148E+03 -0.4605286E+01  0.3476173E+02  0.4167888E+02
  0.1616432E+03  0.5834145E+03 -0.4605591E+01  0.3469439E+02  0.4164620E+02
  0.1624404E+03  0.5834144E+03 -0.4605652E+01  0.3461216E+02  0.4159684E+02
  0.1632376E+03  0.5834144E+03 -0.4605652E+01  0.3446650E+02  0.4147901E+02
  0.1640347E+03  0.5834142E+03 -0.4605896E+01  0.3435820E+02  0.4139981E+02
  0.1648319E+03  0.5834140E+03 -0.4606079E+01  0.3430834E+02  0.4138299E+02
  0.1656291E+03  0.5834139E+03 -0.4606201E+01  0.3422822E+02  0.4133444E+02
  0.1664262E+03  0.5834138E+03 -0.4606262E+01  0.3409066E+02  0.4122321E+02
  0.1672234E+03  0.5834138E+03 -0.4606262E+01  0.3402035E+02  0.4118292E+02
  0.1680206E+03  0.5834139E+03 -0.4606201E+01  0.3395392E+02  0.4114753E+02
  0.1688177E+03  0.5834142E+03 -0.4605896E+01  0.3386166E+02  0.4108670E+02
  0.1696149E+03  0.5834144E+03 -0.4605652E+01  0.3367916E+02  0.4092975E+02
  0.1704121E+03  0.5834145E+03 -0.4605591E+01  0.3360049E+02  0.4088448E+02
  0.1712092E+03  0.5834146E+03 -0.4605469E+01  0.3351308E+02  0.4082862E+02
  0.1720064E+03  0.5834146E+03 -0.4605469E+01  0.3338132E+02  0.4072204E+02
  0.1728036E+03  0.5834147E+03 -0.4605408E+01  0.3330609E+02  0.4067549E+02
  0.1736007E+03  0.5834147E+03 -0.4605408E+01  0.3318399E+02  0.4057787E+02
  0.1743979E+03  0.5834147E+03 -0.4605408E+01  0.3305773E+02  0.4047655E+02
