 -0.6479993E+02  0.3675001E+02  0.0000000E+00  0.5502840E+02  0.5599370E+02
 -0.6459985E+02  0.3675004E+02  0.2670288E-04  0.5496277E+02  0.5593733E+02
 -0.6439978E+02  0.3675007E+02  0.5722046E-04  0.5489492E+02  0.5587865E+02
 -0.6419971E+02  0.3675010E+02  0.8773804E-04  0.5482663E+02  0.5581958E+02
 -0.6399963E+02  0.3675013E+02  0.1182556E-03  0.5475786E+02  0.5576007E+02
 -0.6379956E+02  0.3675016E+02  0.1487732E-03  0.5468990E+02  0.5570147E+02
 -0.6359948E+02  0.3675019E+02  0.1792908E-03  0.5462182E+02  0.5564282E+02
 -0.6339941E+02  0.3675023E+02  0.2174377E-03  0.5455542E+02  0.5558598E+02
 -0.6319934E+02  0.3675027E+02  0.2593994E-03  0.5448759E+02  0.5552771E+02
 -0.6299926E+02  0.3675031E+02  0.2975464E-03  0.5441878E+02  0.5546847E+02
 -0.6279919E+02  0.3675035E+02  0.3395081E-03  0.5435161E+02  0.5541102E+02
 -0.6259911E+02  0.3675040E+02  0.3890991E-03  0.5428423E+02  0.5535340E+02
 -0.6239904E+02  0.3675045E+02  0.4386902E-03  0.5421633E+02  0.5529531E+02
 -0.6219896E+02  0.3675051E+02  0.4997253E-03  0.5414517E+02  0.5523383E+02
 -0.6199889E+02  0.3675057E+02  0.5569458E-03  0.5407461E+02  0.5517307E+02
 -0.6179881E+02  0.3675064E+02  0.6294251E-03  0.5400435E+02  0.5511270E+02
 -0.6159874E+02  0.3675071E+02  0.6980896E-03  0.5393591E+02  0.5505430E+02
 -0.6139866E+02  0.3675078E+02  0.7667542E-03  0.5386568E+02  0.5499408E+02
 -0.6119859E+02  0.3675086E+02  0.8468628E-03  0.5379430E+02  0.5493268E+02
 -0.6099851E+02  0.3675095E+02  0.9384155E-03  0.5372402E+02  0.5487249E+02
 -0.6079844E+02  0.3675104E+02  0.1029968E-02  0.5365458E+02  0.5481323E+02
 -0.6059836E+02  0.3675114E+02  0.1129150E-02  0.5358571E+02  0.5475460E+02
 -0.6039828E+02  0.3675124E+02  0.1228333E-02  0.5351629E+02  0.5469542E+02
 -0.6019820E+02  0.3675135E+02  0.1338959E-02  0.5345002E+02  0.5463960E+02
 -0.5999813E+02  0.3675146E+02  0.1449585E-02  0.5338102E+02  0.5458089E+02
 -0.5979805E+02  0.3675158E+02  0.1567841E-02  0.5331187E+02  0.5452208E+02
 -0.5959797E+02  0.3675170E+02  0.1689911E-02  0.5324486E+02  0.5446553E+02
 -0.5939789E+02  0.3675182E+02  0.1808167E-02  0.5317445E+02  0.5440537E+02
 -0.5919781E+02  0.3675195E+02  0.1937866E-02  0.5310565E+02  0.5434693E+02
 -0.5899774E+02  0.3675208E+02  0.2067566E-02  0.5303704E+02  0.5428877E+02
 -0.5879766E+02  0.3675221E+02  0.2197266E-02  0.5296635E+02  0.5422835E+02
 -0.5859758E+02  0.3675235E+02  0.2338409E-02  0.5289740E+02  0.5416980E+02
 -0.5839750E+02  0.3675249E+02  0.2479553E-02  0.5282702E+02  0.5410975E+02
 -0.5819742E+02  0.3675263E+02  0.2616882E-02  0.5275639E+02  0.5404950E+02
 -0.5799733E+02  0.3675276E+02  0.2750397E-02  0.5268616E+02  0.5398964E+02
 -0.5779725E+02  0.3675290E+02  0.2887726E-02  0.5261440E+02  0.5392824E+02
 -0.5759717E+02  0.3675304E+02  0.3028870E-02  0.5254407E+02  0.5386834E+02
 -0.5739709E+02  0.3675318E+02  0.3170013E-02  0.5247461E+02  0.5380945E+02
 -0.5719701E+02  0.3675331E+02  0.3299713E-02  0.5240378E+02  0.5374909E+02
 -0.5699692E+02  0.3675345E+02  0.3437042E-02  0.5233442E+02  0.5369029E+02
 -0.5679684E+02  0.3675358E+02  0.3566742E-02  0.5226475E+02  0.5363123E+02
 -0.5659676E+02  0.3675371E+02  0.3700256E-02  0.5219426E+02  0.5357134E+02
 -0.5639667E+02  0.3675384E+02  0.3829956E-02  0.5212482E+02  0.5351257E+02
 -0.5619659E+02  0.3675397E+02  0.3959656E-02  0.5205493E+02  0.5345336E+02
 -0.5599650E+02  0.3675410E+02  0.4089356E-02  0.5198497E+02  0.5339417E+02
 -0.5579642E+02  0.3675422E+02  0.4207611E-02  0.5191562E+02  0.5333564E+02
 -0.5559633E+02  0.3675435E+02  0.4337311E-02  0.5184726E+02  0.5327818E+02
 -0.5539625E+02  0.3675448E+02  0.4467011E-02  0.5177828E+02  0.5322015E+02
 -0.5519616E+02  0.3675460E+02  0.4589081E-02  0.5170718E+02  0.5315994E+02
 -0.5499608E+02  0.3675473E+02  0.4718781E-02  0.5163923E+02  0.5310307E+02
 -0.5479599E+02  0.3675487E+02  0.4859924E-02  0.5156920E+02  0.5304409E+02
 -0.5459590E+02  0.3675500E+02  0.4989624E-02  0.5149956E+02  0.5298563E+02
 -0.5439581E+02  0.3675515E+02  0.5138397E-02  0.5143114E+02  0.5292848E+02
 -0.5419573E+02  0.3675530E+02  0.5287170E-02  0.5136168E+02  0.5287030E+02
 -0.5399564E+02  0.3675546E+02  0.5447388E-02  0.5129134E+02  0.5281130E+02
 -0.5379555E+02  0.3675563E+02  0.5619049E-02  0.5122068E+02  0.5275199E+02
 -0.5359546E+02  0.3675581E+02  0.5798340E-02  0.5114687E+02  0.5268940E+02
 -0.5339537E+02  0.3675600E+02  0.5989075E-02  0.5107389E+02  0.5262777E+02
 -0.5319528E+02  0.3675621E+02  0.6198883E-02  0.5099962E+02  0.5256486E+02
 -0.5299519E+02  0.3675643E+02  0.6420136E-02  0.5092732E+02  0.5250414E+02
 -0.5279510E+02  0.3675667E+02  0.6660461E-02  0.5085282E+02  0.5244111E+02
 -0.5259500E+02  0.3675692E+02  0.6908417E-02  0.5077777E+02  0.5237759E+02
 -0.5239491E+02  0.3675720E+02  0.7186890E-02  0.5070401E+02  0.5231552E+02
 -0.5219482E+02  0.3675749E+02  0.7476807E-02  0.5062758E+02  0.5225057E+02
 -0.5199472E+02  0.3675780E+02  0.7789612E-02  0.5055384E+02  0.5218863E+02
 -0.5179463E+02  0.3675813E+02  0.8117676E-02  0.5047931E+02  0.5212584E+02
 -0.5159453E+02  0.3675848E+02  0.8468628E-02  0.5040466E+02  0.5206292E+02
 -0.5139443E+02  0.3675886E+02  0.8850098E-02  0.5033164E+02  0.5200176E+02
 -0.5119433E+02  0.3675925E+02  0.9239197E-02  0.5025856E+02  0.5194054E+02
 -0.5099423E+02  0.3675967E+02  0.9658814E-02  0.5018518E+02  0.5187904E+02
 -0.5079413E+02  0.3676011E+02  0.1009750E-01  0.5011162E+02  0.5181730E+02
 -0.5059403E+02  0.3676057E+02  0.1055908E-01  0.5003705E+02  0.5175444E+02
 -0.5039392E+02  0.3676106E+02  0.1104736E-01  0.4996454E+02  0.5169376E+02
 -0.5019382E+02  0.3676157E+02  0.1155853E-01  0.4989029E+02  0.5163124E+02
 -0.4999371E+02  0.3676211E+02  0.1210022E-01  0.4981499E+02  0.5156759E+02
 -0.4979360E+02  0.3676267E+02  0.1265717E-01  0.4973891E+02  0.5150303E+02
 -0.4959349E+02  0.3676327E+02  0.1325989E-01  0.4966342E+02  0.5143915E+02
 -0.4939338E+02  0.3676389E+02  0.1387787E-01  0.4959130E+02  0.5137885E+02
 -0.4919327E+02  0.3676454E+02  0.1453018E-01  0.4951679E+02  0.5131599E+02
 -0.4899315E+02  0.3676523E+02  0.1521683E-01  0.4944161E+02  0.5125243E+02
 -0.4879303E+02  0.3676596E+02  0.1594925E-01  0.4936858E+02  0.5119117E+02
 -0.4859291E+02  0.3676672E+02  0.1670837E-01  0.4929230E+02  0.5112644E+02
 -0.4839279E+02  0.3676753E+02  0.1751709E-01  0.4921723E+02  0.5106302E+02
 -0.4819267E+02  0.3676839E+02  0.1837921E-01  0.4914328E+02  0.5100084E+02
 -0.4799254E+02  0.3676931E+02  0.1929855E-01  0.4906831E+02  0.5093760E+02
 -0.4779241E+02  0.3677028E+02  0.2026749E-01  0.4899423E+02  0.5087536E+02
 -0.4759228E+02  0.3677133E+02  0.2132034E-01  0.4891938E+02  0.5081229E+02
 -0.4739214E+02  0.3677246E+02  0.2244949E-01  0.4884351E+02  0.5074814E+02
 -0.4719200E+02  0.3677368E+02  0.2367020E-01  0.4876766E+02  0.5068401E+02
 -0.4699186E+02  0.3677503E+02  0.2501679E-01  0.4869077E+02  0.5061880E+02
 -0.4679171E+02  0.3677651E+02  0.2649689E-01  0.4861490E+02  0.5055472E+02
 -0.4659156E+02  0.3677818E+02  0.2816773E-01  0.4853846E+02  0.5049001E+02
 -0.4639140E+02  0.3678002E+02  0.3001022E-01  0.4846279E+02  0.5042615E+02
 -0.4619124E+02  0.3678201E+02  0.3199768E-01  0.4838562E+02  0.5036070E+02
 -0.4599107E+02  0.3678409E+02  0.3407669E-01  0.4830953E+02  0.5029645E+02
 -0.4579089E+02  0.3678616E+02  0.3614807E-01  0.4823170E+02  0.5023026E+02
 -0.4559071E+02  0.3678810E+02  0.3808975E-01  0.4815554E+02  0.5016592E+02
 -0.4539053E+02  0.3678988E+02  0.3986740E-01  0.4807791E+02  0.5009996E+02
 -0.4519034E+02  0.3679154E+02  0.4152679E-01  0.4799975E+02  0.5003343E+02
 -0.4499015E+02  0.3679310E+02  0.4308701E-01  0.4792025E+02  0.4996543E+02
 -0.4478995E+02  0.3679457E+02  0.4455948E-01  0.4784099E+02  0.4989772E+02
 -0.4458975E+02  0.3679599E+02  0.4597855E-01  0.4776214E+02  0.4983049E+02
 -0.4438955E+02  0.3679741E+02  0.4739761E-01  0.4768281E+02  0.4976273E+02
 -0.4418934E+02  0.3679883E+02  0.4881668E-01  0.4760300E+02  0.4969449E+02
 -0.4398913E+02  0.3680018E+02  0.5016708E-01  0.4752045E+02  0.4962326E+02
 -0.4378891E+02  0.3680138E+02  0.5136871E-01  0.4743856E+02  0.4955280E+02
 -0.4358870E+02  0.3680230E+02  0.5228806E-01  0.4735709E+02  0.4948282E+02
 -0.4338848E+02  0.3680282E+02  0.5280685E-01  0.4727474E+02  0.4941193E+02
 -0.4318826E+02  0.3680296E+02  0.5294800E-01  0.4719224E+02  0.4934086E+02
 -0.4298805E+02  0.3680282E+02  0.5280685E-01  0.4710836E+02  0.4926832E+02
 -0.4278783E+02  0.3680230E+02  0.5228806E-01  0.4702457E+02  0.4919592E+02
 -0.4258762E+02  0.3680127E+02  0.5125809E-01  0.4694099E+02  0.4912371E+02
 -0.4238741E+02  0.3679967E+02  0.4965973E-01  0.4685746E+02  0.4905163E+02
 -0.4218721E+02  0.3679751E+02  0.4749680E-01  0.4677533E+02  0.4898104E+02
 -0.4198702E+02  0.3679491E+02  0.4489899E-01  0.4669228E+02  0.4890943E+02
 -0.4178684E+02  0.3679189E+02  0.4187775E-01  0.4660743E+02  0.4883584E+02
 -0.4158667E+02  0.3678829E+02  0.3827667E-01  0.4652250E+02  0.4876210E+02
 -0.4138651E+02  0.3678398E+02  0.3396988E-01  0.4643791E+02  0.4868871E+02
 -0.4118636E+02  0.3677891E+02  0.2890015E-01  0.4635346E+02  0.4861540E+02
 -0.4098624E+02  0.3677309E+02  0.2307892E-01  0.4626986E+02  0.4854301E+02
 -0.4078613E+02  0.3676637E+02  0.1635742E-01  0.4618365E+02  0.4846758E+02
 -0.4058604E+02  0.3675859E+02  0.8579254E-02  0.4609819E+02  0.4839292E+02
 -0.4038598E+02  0.3674967E+02 -0.3433228E-03  0.4601197E+02  0.4831725E+02
 -0.4018595E+02  0.3673950E+02 -0.1051331E-01  0.4592560E+02  0.4824130E+02
 -0.3998596E+02  0.3672800E+02 -0.2201080E-01  0.4584063E+02  0.4816674E+02
 -0.3978600E+02  0.3671519E+02 -0.3482056E-01  0.4575425E+02  0.4809047E+02
 -0.3958607E+02  0.3670206E+02 -0.4795075E-01  0.4566960E+02  0.4801596E+02
 -0.3938618E+02  0.3668955E+02 -0.6046295E-01  0.4558091E+02  0.4793681E+02
 -0.3918632E+02  0.3667762E+02 -0.7239151E-01  0.4549443E+02  0.4785994E+02
 -0.3898649E+02  0.3666623E+02 -0.8378220E-01  0.4540754E+02  0.4778240E+02
 -0.3878669E+02  0.3665548E+02 -0.9453201E-01  0.4531888E+02  0.4770269E+02
 -0.3858691E+02  0.3664548E+02 -0.1045303E+00  0.4523110E+02  0.4762378E+02
 -0.3838716E+02  0.3663630E+02 -0.1137123E+00  0.4514117E+02  0.4754223E+02
 -0.3818743E+02  0.3662796E+02 -0.1220512E+00  0.4505085E+02  0.4746003E+02
 -0.3798772E+02  0.3662050E+02 -0.1295128E+00  0.4496015E+02  0.4737719E+02
 -0.3778802E+02  0.3661396E+02 -0.1360512E+00  0.4487083E+02  0.4729569E+02
 -0.3758834E+02  0.3660831E+02 -0.1417007E+00  0.4477951E+02  0.4721172E+02
 -0.3738868E+02  0.3660349E+02 -0.1465225E+00  0.4468725E+02  0.4712647E+02
 -0.3718902E+02  0.3659942E+02 -0.1505928E+00  0.4459596E+02  0.4704211E+02
 -0.3698937E+02  0.3659603E+02 -0.1539803E+00  0.4450463E+02  0.4695754E+02
 -0.3678973E+02  0.3659322E+02 -0.1567917E+00  0.4441198E+02  0.4687128E+02
 -0.3659009E+02  0.3659094E+02 -0.1590729E+00  0.4431916E+02  0.4678465E+02
 -0.3639046E+02  0.3658919E+02 -0.1608200E+00  0.4422749E+02  0.4669915E+02
 -0.3619083E+02  0.3658784E+02 -0.1621704E+00  0.4413368E+02  0.4661111E+02
 -0.3599120E+02  0.3658672E+02 -0.1632919E+00  0.4403977E+02  0.4652287E+02
 -0.3579158E+02  0.3658573E+02 -0.1642799E+00  0.4394445E+02  0.4643291E+02
 -0.3559195E+02  0.3658472E+02 -0.1652908E+00  0.4384847E+02  0.4634216E+02
 -0.3539234E+02  0.3658356E+02 -0.1664505E+00  0.4375179E+02  0.4625055E+02
 -0.3519272E+02  0.3658218E+02 -0.1678314E+00  0.4365564E+02  0.4615958E+02
 -0.3499311E+02  0.3658039E+02 -0.1696205E+00  0.4355665E+02  0.4606540E+02
 -0.3479351E+02  0.3657808E+02 -0.1719322E+00  0.4345729E+02  0.4597083E+02
 -0.3459392E+02  0.3657543E+02 -0.1745796E+00  0.4335653E+02  0.4587471E+02
 -0.3439433E+02  0.3657266E+02 -0.1773529E+00  0.4325567E+02  0.4577851E+02
 -0.3419475E+02  0.3656982E+02 -0.1801910E+00  0.4315283E+02  0.4568010E+02
 -0.3399518E+02  0.3656674E+02 -0.1832733E+00  0.4304828E+02  0.4557978E+02
 -0.3379563E+02  0.3656334E+02 -0.1866722E+00  0.4294336E+02  0.4547902E+02
 -0.3359608E+02  0.3655975E+02 -0.1902618E+00  0.4283682E+02  0.4537645E+02
 -0.3339654E+02  0.3655606E+02 -0.1939507E+00  0.4272902E+02  0.4527237E+02
 -0.3319701E+02  0.3655224E+02 -0.1977730E+00  0.4261922E+02  0.4516596E+02
 -0.3299749E+02  0.3654822E+02 -0.2017899E+00  0.4250679E+02  0.4505641E+02
 -0.3279798E+02  0.3654396E+02 -0.2060509E+00  0.4239360E+02  0.4494589E+02
 -0.3259849E+02  0.3653959E+02 -0.2104225E+00  0.4227988E+02  0.4483456E+02
 -0.3239901E+02  0.3653521E+02 -0.2148018E+00  0.4216484E+02  0.4472150E+02
 -0.3219954E+02  0.3653079E+02 -0.2192230E+00  0.4204802E+02  0.4460610E+02
 -0.3200008E+02  0.3652632E+02 -0.2236900E+00  0.4192994E+02  0.4448891E+02
 -0.3180063E+02  0.3652204E+02 -0.2279701E+00  0.4181035E+02  0.4436958E+02
 -0.3160120E+02  0.3651820E+02 -0.2318115E+00  0.4168921E+02  0.4424805E+02
 -0.3140177E+02  0.3651478E+02 -0.2352333E+00  0.4156651E+02  0.4412426E+02
 -0.3120235E+02  0.3651156E+02 -0.2384529E+00  0.4144289E+02  0.4399897E+02
 -0.3100294E+02  0.3650831E+02 -0.2417030E+00  0.4131789E+02  0.4387159E+02
 -0.3080354E+02  0.3650482E+02 -0.2451897E+00  0.4119162E+02  0.4374219E+02
 -0.3060415E+02  0.3650110E+02 -0.2489128E+00  0.4106437E+02  0.4361118E+02
 -0.3040477E+02  0.3649728E+02 -0.2527313E+00  0.4093675E+02  0.4347922E+02
 -0.3020541E+02  0.3649336E+02 -0.2566528E+00  0.4080885E+02  0.4334645E+02
 -0.3000605E+02  0.3648938E+02 -0.2606316E+00  0.4067997E+02  0.4321209E+02
 -0.2980670E+02  0.3648542E+02 -0.2645912E+00  0.4055116E+02  0.4307737E+02
 -0.2960737E+02  0.3648152E+02 -0.2684898E+00  0.4042218E+02  0.4294208E+02
 -0.2940804E+02  0.3647766E+02 -0.2723503E+00  0.4029310E+02  0.4280625E+02
 -0.2920873E+02  0.3647375E+02 -0.2762604E+00  0.4016440E+02  0.4267057E+02
 -0.2900942E+02  0.3646972E+02 -0.2802925E+00  0.4003603E+02  0.4253499E+02
 -0.2881013E+02  0.3646544E+02 -0.2845726E+00  0.3990801E+02  0.4239958E+02
 -0.2861085E+02  0.3646079E+02 -0.2892227E+00  0.3978065E+02  0.4226475E+02
 -0.2841159E+02  0.3645582E+02 -0.2941933E+00  0.3965397E+02  0.4213053E+02
 -0.2821234E+02  0.3645078E+02 -0.2992325E+00  0.3952800E+02  0.4199696E+02
 -0.2801310E+02  0.3644589E+02 -0.3041229E+00  0.3940266E+02  0.4186401E+02
 -0.2781388E+02  0.3644123E+02 -0.3087807E+00  0.3927799E+02  0.4173166E+02
 -0.2761467E+02  0.3643669E+02 -0.3133202E+00  0.3915384E+02  0.4159984E+02
 -0.2741547E+02  0.3643212E+02 -0.3178902E+00  0.3903027E+02  0.4146853E+02
 -0.2721628E+02  0.3642746E+02 -0.3225517E+00  0.3890726E+02  0.4133770E+02
 -0.2701711E+02  0.3642275E+02 -0.3272629E+00  0.3878482E+02  0.4120734E+02
 -0.2681794E+02  0.3641803E+02 -0.3319817E+00  0.3866293E+02  0.4107743E+02
 -0.2661880E+02  0.3641335E+02 -0.3366623E+00  0.3854163E+02  0.4094797E+02
 -0.2641966E+02  0.3640890E+02 -0.3411102E+00  0.3842093E+02  0.4081896E+02
 -0.2622053E+02  0.3640493E+02 -0.3450813E+00  0.3830093E+02  0.4069041E+02
 -0.2602141E+02  0.3640138E+02 -0.3486328E+00  0.3818158E+02  0.4056232E+02
 -0.2582231E+02  0.3639793E+02 -0.3520813E+00  0.3806296E+02  0.4043469E+02
 -0.2562321E+02  0.3639444E+02 -0.3555718E+00  0.3794507E+02  0.4030753E+02
 -0.2542412E+02  0.3639102E+02 -0.3589897E+00  0.3782794E+02  0.4018086E+02
 -0.2522504E+02  0.3638773E+02 -0.3622818E+00  0.3771161E+02  0.4005471E+02
 -0.2502597E+02  0.3638452E+02 -0.3654900E+00  0.3759607E+02  0.3992910E+02
 -0.2482690E+02  0.3638145E+02 -0.3685608E+00  0.3748142E+02  0.3980407E+02
 -0.2462785E+02  0.3637861E+02 -0.3714027E+00  0.3736762E+02  0.3967967E+02
 -0.2442880E+02  0.3637585E+02 -0.3741608E+00  0.3725470E+02  0.3955592E+02
 -0.2422976E+02  0.3637297E+02 -0.3770409E+00  0.3714267E+02  0.3943282E+02
 -0.2403073E+02  0.3636995E+02 -0.3800621E+00  0.3703149E+02  0.3931038E+02
 -0.2383170E+02  0.3636680E+02 -0.3832130E+00  0.3692114E+02  0.3918858E+02
 -0.2363269E+02  0.3636343E+02 -0.3865814E+00  0.3681152E+02  0.3906740E+02
 -0.2343369E+02  0.3635982E+02 -0.3901901E+00  0.3670261E+02  0.3894681E+02
 -0.2323470E+02  0.3635605E+02 -0.3939629E+00  0.3659448E+02  0.3882692E+02
 -0.2303571E+02  0.3635220E+02 -0.3978119E+00  0.3648703E+02  0.3870762E+02
 -0.2283674E+02  0.3634822E+02 -0.4017906E+00  0.3638016E+02  0.3858887E+02
 -0.2263778E+02  0.3634406E+02 -0.4059525E+00  0.3627383E+02  0.3847065E+02
 -0.2243884E+02  0.3633965E+02 -0.4103622E+00  0.3616806E+02  0.3835292E+02
 -0.2223990E+02  0.3633500E+02 -0.4150124E+00  0.3606278E+02  0.3823568E+02
 -0.2204098E+02  0.3633020E+02 -0.4198113E+00  0.3595798E+02  0.3811889E+02
 -0.2184207E+02  0.3632544E+02 -0.4245720E+00  0.3585367E+02  0.3800255E+02
 -0.2164318E+02  0.3632089E+02 -0.4291229E+00  0.3574988E+02  0.3788670E+02
 -0.2144429E+02  0.3631666E+02 -0.4333496E+00  0.3564664E+02  0.3777132E+02
 -0.2124542E+02  0.3631270E+02 -0.4373131E+00  0.3554395E+02  0.3765644E+02
 -0.2104656E+02  0.3630881E+02 -0.4412003E+00  0.3544190E+02  0.3754209E+02
 -0.2084770E+02  0.3630491E+02 -0.4451027E+00  0.3534055E+02  0.3742831E+02
 -0.2064886E+02  0.3630106E+02 -0.4489517E+00  0.3523996E+02  0.3731516E+02
 -0.2045003E+02  0.3629722E+02 -0.4527931E+00  0.3514023E+02  0.3720269E+02
 -0.2025121E+02  0.3629325E+02 -0.4567604E+00  0.3504135E+02  0.3709090E+02
 -0.2005240E+02  0.3628921E+02 -0.4608002E+00  0.3494345E+02  0.3697990E+02
 -0.1985360E+02  0.3628521E+02 -0.4648018E+00  0.3484656E+02  0.3686971E+02
 -0.1965481E+02  0.3628124E+02 -0.4687729E+00  0.3475079E+02  0.3676044E+02
 -0.1945604E+02  0.3627723E+02 -0.4727821E+00  0.3465622E+02  0.3665217E+02
 -0.1925727E+02  0.3627316E+02 -0.4768524E+00  0.3456290E+02  0.3654496E+02
 -0.1905852E+02  0.3626903E+02 -0.4809799E+00  0.3447081E+02  0.3643882E+02
 -0.1885977E+02  0.3626497E+02 -0.4850426E+00  0.3438002E+02  0.3633384E+02
 -0.1866104E+02  0.3626098E+02 -0.4890328E+00  0.3429052E+02  0.3623000E+02
 -0.1846232E+02  0.3625702E+02 -0.4929924E+00  0.3420235E+02  0.3612740E+02
 -0.1826361E+02  0.3625306E+02 -0.4969521E+00  0.3411542E+02  0.3602598E+02
 -0.1806491E+02  0.3624908E+02 -0.5009308E+00  0.3402971E+02  0.3592574E+02
 -0.1786622E+02  0.3624508E+02 -0.5049324E+00  0.3394514E+02  0.3582665E+02
 -0.1766754E+02  0.3624113E+02 -0.5088806E+00  0.3386163E+02  0.3572861E+02
 -0.1746888E+02  0.3623723E+02 -0.5127831E+00  0.3377908E+02  0.3563159E+02
 -0.1727022E+02  0.3623334E+02 -0.5166702E+00  0.3369750E+02  0.3553567E+02
 -0.1707157E+02  0.3622946E+02 -0.5205498E+00  0.3361681E+02  0.3544071E+02
 -0.1687294E+02  0.3622570E+02 -0.5243111E+00  0.3353692E+02  0.3534665E+02
 -0.1667431E+02  0.3622209E+02 -0.5279198E+00  0.3345771E+02  0.3525338E+02
 -0.1647569E+02  0.3621853E+02 -0.5314827E+00  0.3337916E+02  0.3516082E+02
 -0.1627709E+02  0.3621496E+02 -0.5350533E+00  0.3330123E+02  0.3506904E+02
 -0.1607849E+02  0.3621121E+02 -0.5388031E+00  0.3322395E+02  0.3497797E+02
 -0.1587991E+02  0.3620719E+02 -0.5428200E+00  0.3314720E+02  0.3488756E+02
 -0.1568133E+02  0.3620293E+02 -0.5470810E+00  0.3307103E+02  0.3479776E+02
 -0.1548277E+02  0.3619854E+02 -0.5514717E+00  0.3299545E+02  0.3470863E+02
 -0.1528423E+02  0.3619413E+02 -0.5558815E+00  0.3292051E+02  0.3462018E+02
 -0.1508569E+02  0.3618979E+02 -0.5602226E+00  0.3284617E+02  0.3453238E+02
 -0.1488716E+02  0.3618554E+02 -0.5644722E+00  0.3277252E+02  0.3444524E+02
 -0.1468865E+02  0.3618139E+02 -0.5686226E+00  0.3269957E+02  0.3435881E+02
 -0.1449015E+02  0.3617737E+02 -0.5726433E+00  0.3262737E+02  0.3427308E+02
 -0.1429165E+02  0.3617349E+02 -0.5765228E+00  0.3255594E+02  0.3418808E+02
 -0.1409317E+02  0.3616978E+02 -0.5802307E+00  0.3248546E+02  0.3410402E+02
 -0.1389470E+02  0.3616617E+02 -0.5838432E+00  0.3241589E+02  0.3402083E+02
 -0.1369624E+02  0.3616252E+02 -0.5874901E+00  0.3234735E+02  0.3393856E+02
 -0.1349778E+02  0.3615878E+02 -0.5912323E+00  0.3227986E+02  0.3385729E+02
 -0.1329934E+02  0.3615493E+02 -0.5950813E+00  0.3221340E+02  0.3377699E+02
 -0.1310091E+02  0.3615098E+02 -0.5990295E+00  0.3214805E+02  0.3369774E+02
 -0.1290249E+02  0.3614706E+02 -0.6029511E+00  0.3208385E+02  0.3361961E+02
 -0.1270408E+02  0.3614334E+02 -0.6066704E+00  0.3202067E+02  0.3354244E+02
 -0.1250568E+02  0.3613989E+02 -0.6101227E+00  0.3195855E+02  0.3346638E+02
 -0.1230729E+02  0.3613667E+02 -0.6133423E+00  0.3189754E+02  0.3339147E+02
 -0.1210891E+02  0.3613353E+02 -0.6164818E+00  0.3183754E+02  0.3331759E+02
 -0.1191053E+02  0.3613027E+02 -0.6197434E+00  0.3177863E+02  0.3324488E+02
 -0.1171217E+02  0.3612676E+02 -0.6232529E+00  0.3172072E+02  0.3317326E+02
 -0.1151381E+02  0.3612311E+02 -0.6268997E+00  0.3166376E+02  0.3310274E+02
 -0.1131547E+02  0.3611937E+02 -0.6306419E+00  0.3160763E+02  0.3303312E+02
 -0.1111713E+02  0.3611557E+02 -0.6344414E+00  0.3155245E+02  0.3296466E+02
 -0.1091881E+02  0.3611175E+02 -0.6382599E+00  0.3149813E+02  0.3289721E+02
 -0.1072050E+02  0.3610794E+02 -0.6420708E+00  0.3144458E+02  0.3283079E+02
 -0.1052220E+02  0.3610411E+02 -0.6459007E+00  0.3139188E+02  0.3276539E+02
 -0.1032391E+02  0.3610023E+02 -0.6497803E+00  0.3133995E+02  0.3270096E+02
 -0.1012562E+02  0.3609627E+02 -0.6537399E+00  0.3128884E+02  0.3263757E+02
 -0.9927356E+01  0.3609216E+02 -0.6578522E+00  0.3123850E+02  0.3257517E+02
 -0.9729100E+01  0.3608782E+02 -0.6621933E+00  0.3118897E+02  0.3251381E+02
 -0.9530856E+01  0.3608334E+02 -0.6666718E+00  0.3114020E+02  0.3245338E+02
 -0.9332624E+01  0.3607888E+02 -0.6711311E+00  0.3109233E+02  0.3239410E+02
 -0.9134403E+01  0.3607459E+02 -0.6754227E+00  0.3104532E+02  0.3233587E+02
 -0.8936194E+01  0.3607052E+02 -0.6794930E+00  0.3099927E+02  0.3227882E+02
 -0.8737994E+01  0.3606662E+02 -0.6833916E+00  0.3095418E+02  0.3222292E+02
 -0.8539805E+01  0.3606292E+02 -0.6870918E+00  0.3091006E+02  0.3216811E+02
 -0.8341625E+01  0.3605941E+02 -0.6906014E+00  0.3086698E+02  0.3211448E+02
 -0.8143455E+01  0.3605600E+02 -0.6940117E+00  0.3082493E+02  0.3206208E+02
 -0.7945294E+01  0.3605253E+02 -0.6974831E+00  0.3078399E+02  0.3201093E+02
 -0.7747144E+01  0.3604884E+02 -0.7011719E+00  0.3074410E+02  0.3196096E+02
 -0.7549005E+01  0.3604491E+02 -0.7051010E+00  0.3070538E+02  0.3191229E+02
 -0.7350877E+01  0.3604087E+02 -0.7091408E+00  0.3066783E+02  0.3186498E+02
 -0.7152760E+01  0.3603686E+02 -0.7131500E+00  0.3063141E+02  0.3181890E+02
 -0.6954653E+01  0.3603303E+02 -0.7169800E+00  0.3059612E+02  0.3177413E+02
 -0.6756555E+01  0.3602953E+02 -0.7204819E+00  0.3056204E+02  0.3173073E+02
 -0.6558465E+01  0.3602634E+02 -0.7236710E+00  0.3052906E+02  0.3168865E+02
 -0.6360385E+01  0.3602321E+02 -0.7268028E+00  0.3049720E+02  0.3164785E+02
 -0.6162313E+01  0.3601993E+02 -0.7300797E+00  0.3046639E+02  0.3160829E+02
 -0.5964252E+01  0.3601639E+02 -0.7336197E+00  0.3043663E+02  0.3156999E+02
 -0.5766202E+01  0.3601255E+02 -0.7374611E+00  0.3040787E+02  0.3153294E+02
 -0.5568163E+01  0.3600845E+02 -0.7415619E+00  0.3038008E+02  0.3149710E+02
 -0.5370136E+01  0.3600422E+02 -0.7457924E+00  0.3035326E+02  0.3146249E+02
 -0.5172121E+01  0.3599995E+02 -0.7500610E+00  0.3032735E+02  0.3142904E+02
 -0.4974118E+01  0.3599568E+02 -0.7543297E+00  0.3030231E+02  0.3139673E+02
 -0.4776126E+01  0.3599143E+02 -0.7585831E+00  0.3027814E+02  0.3136556E+02
 -0.4578146E+01  0.3598713E+02 -0.7628822E+00  0.3025474E+02  0.3133541E+02
 -0.4380178E+01  0.3598277E+02 -0.7672424E+00  0.3023218E+02  0.3130641E+02
 -0.4182222E+01  0.3597844E+02 -0.7715721E+00  0.3021044E+02  0.3127854E+02
 -0.3984277E+01  0.3597427E+02 -0.7757416E+00  0.3018944E+02  0.3125169E+02
 -0.3786344E+01  0.3597021E+02 -0.7798004E+00  0.3016916E+02  0.3122585E+02
 -0.3588421E+01  0.3596613E+02 -0.7838821E+00  0.3014970E+02  0.3120114E+02
 -0.3390510E+01  0.3596202E+02 -0.7879906E+00  0.3013094E+02  0.3117739E+02
 -0.3192610E+01  0.3595796E+02 -0.7920532E+00  0.3011303E+02  0.3115477E+02
 -0.2994721E+01  0.3595399E+02 -0.7960205E+00  0.3009606E+02  0.3113338E+02
 -0.2796843E+01  0.3595002E+02 -0.7999916E+00  0.3007996E+02  0.3111309E+02
 -0.2598975E+01  0.3594608E+02 -0.8039322E+00  0.3006481E+02  0.3109399E+02
 -0.2401118E+01  0.3594234E+02 -0.8076706E+00  0.3005058E+02  0.3107604E+02
 -0.2203269E+01  0.3593894E+02 -0.8110733E+00  0.3003736E+02  0.3105936E+02
 -0.2005429E+01  0.3593579E+02 -0.8142204E+00  0.3002515E+02  0.3104391E+02
 -0.1807597E+01  0.3593273E+02 -0.8172798E+00  0.3001408E+02  0.3102989E+02
 -0.1609773E+01  0.3592973E+02 -0.8202820E+00  0.3000408E+02  0.3101717E+02
 -0.1411957E+01  0.3592678E+02 -0.8232307E+00  0.2999526E+02  0.3100590E+02
 -0.1214150E+01  0.3592375E+02 -0.8262596E+00  0.2998753E+02  0.3099592E+02
 -0.1016353E+01  0.3592045E+02 -0.8295631E+00  0.2998102E+02  0.3098745E+02
 -0.8185663E+00  0.3591670E+02 -0.8333130E+00  0.2997562E+02  0.3098030E+02
 -0.6207923E+00  0.3591245E+02 -0.8375626E+00  0.2997140E+02  0.3097462E+02
 -0.4230314E+00  0.3590779E+02 -0.8422203E+00  0.2996830E+02  0.3097033E+02
 -0.2252835E+00  0.3590305E+02 -0.8469620E+00  0.2996634E+02  0.3096747E+02
 -0.2754743E-01  0.3589855E+02 -0.8514633E+00  0.2996544E+02  0.3096595E+02
  0.1701779E+00  0.3589446E+02 -0.8555527E+00  0.2996556E+02  0.3096578E+02
  0.3678929E+00  0.3589062E+02 -0.8593903E+00  0.2996673E+02  0.3096697E+02
  0.5655977E+00  0.3588690E+02 -0.8631096E+00  0.2996882E+02  0.3096935E+02
  0.7632925E+00  0.3588324E+02 -0.8667717E+00  0.2997189E+02  0.3097305E+02
  0.9609770E+00  0.3587955E+02 -0.8704605E+00  0.2997590E+02  0.3097799E+02
  0.1158651E+01  0.3587570E+02 -0.8743095E+00  0.2998076E+02  0.3098407E+02
  0.1356313E+01  0.3587164E+02 -0.8783722E+00  0.2998652E+02  0.3099137E+02
  0.1553964E+01  0.3586750E+02 -0.8825111E+00  0.2999309E+02  0.3099977E+02
  0.1751604E+01  0.3586349E+02 -0.8865204E+00  0.3000056E+02  0.3100939E+02
  0.1949234E+01  0.3585975E+02 -0.8902626E+00  0.3000889E+02  0.3102020E+02
  0.2146854E+01  0.3585618E+02 -0.8938332E+00  0.3001806E+02  0.3103211E+02
  0.2344465E+01  0.3585272E+02 -0.8972931E+00  0.3002804E+02  0.3104511E+02
  0.2542067E+01  0.3584934E+02 -0.9006729E+00  0.3003891E+02  0.3105928E+02
  0.2739659E+01  0.3584595E+02 -0.9040604E+00  0.3005065E+02  0.3107462E+02
  0.2937242E+01  0.3584245E+02 -0.9075623E+00  0.3006327E+02  0.3109107E+02
  0.3134814E+01  0.3583881E+02 -0.9112015E+00  0.3007676E+02  0.3110867E+02
  0.3332376E+01  0.3583512E+02 -0.9148903E+00  0.3009120E+02  0.3112749E+02
  0.3529929E+01  0.3583153E+02 -0.9184799E+00  0.3010656E+02  0.3114747E+02
  0.3727472E+01  0.3582806E+02 -0.9219513E+00  0.3012288E+02  0.3116864E+02
  0.3925005E+01  0.3582460E+02 -0.9254112E+00  0.3014021E+02  0.3119109E+02
  0.4122529E+01  0.3582110E+02 -0.9289131E+00  0.3015857E+02  0.3121478E+02
  0.4320043E+01  0.3581756E+02 -0.9324532E+00  0.3017797E+02  0.3123977E+02
  0.4517546E+01  0.3581391E+02 -0.9361000E+00  0.3019844E+02  0.3126607E+02
  0.4715039E+01  0.3581010E+02 -0.9399109E+00  0.3021995E+02  0.3129365E+02
  0.4912521E+01  0.3580616E+02 -0.9438515E+00  0.3024253E+02  0.3132253E+02
  0.5109991E+01  0.3580207E+02 -0.9479408E+00  0.3026616E+02  0.3135269E+02
  0.5307450E+01  0.3579786E+02 -0.9521523E+00  0.3029081E+02  0.3138406E+02
  0.5504897E+01  0.3579368E+02 -0.9563332E+00  0.3031652E+02  0.3141672E+02
  0.5702334E+01  0.3578965E+02 -0.9603615E+00  0.3034331E+02  0.3145072E+02
  0.5899759E+01  0.3578576E+02 -0.9642525E+00  0.3037111E+02  0.3148595E+02
  0.6097174E+01  0.3578184E+02 -0.9681702E+00  0.3039993E+02  0.3152243E+02
  0.6294578E+01  0.3577779E+02 -0.9722214E+00  0.3042970E+02  0.3156007E+02
  0.6491969E+01  0.3577363E+02 -0.9763832E+00  0.3046040E+02  0.3159888E+02
  0.6689350E+01  0.3576948E+02 -0.9805298E+00  0.3049204E+02  0.3163884E+02
  0.6886719E+01  0.3576543E+02 -0.9845810E+00  0.3052462E+02  0.3167997E+02
  0.7084079E+01  0.3576158E+02 -0.9884300E+00  0.3055811E+02  0.3172229E+02
  0.7281428E+01  0.3575783E+02 -0.9921799E+00  0.3059256E+02  0.3176576E+02
  0.7478766E+01  0.3575398E+02 -0.9960327E+00  0.3062794E+02  0.3181043E+02
  0.7676092E+01  0.3574995E+02 -0.1000061E+01  0.3066427E+02  0.3185622E+02
  0.7873407E+01  0.3574584E+02 -0.1004173E+01  0.3070153E+02  0.3190320E+02
  0.8070712E+01  0.3574183E+02 -0.1008183E+01  0.3073970E+02  0.3195134E+02
  0.8268007E+01  0.3573811E+02 -0.1011902E+01  0.3077877E+02  0.3200060E+02
  0.8465292E+01  0.3573470E+02 -0.1015312E+01  0.3081878E+02  0.3205104E+02
  0.8662569E+01  0.3573144E+02 -0.1018570E+01  0.3085974E+02  0.3210264E+02
  0.8859837E+01  0.3572814E+02 -0.1021870E+01  0.3090162E+02  0.3215541E+02
  0.9057094E+01  0.3572465E+02 -0.1025360E+01  0.3094448E+02  0.3220937E+02
  0.9254341E+01  0.3572093E+02 -0.1029083E+01  0.3098831E+02  0.3226447E+02
  0.9451576E+01  0.3571697E+02 -0.1033043E+01  0.3103308E+02  0.3232075E+02
  0.9648800E+01  0.3571278E+02 -0.1037231E+01  0.3107884E+02  0.3237817E+02
  0.9846012E+01  0.3570844E+02 -0.1041573E+01  0.3112565E+02  0.3243679E+02
  0.1004321E+02  0.3570422E+02 -0.1045792E+01  0.3117347E+02  0.3249657E+02
  0.1024040E+02  0.3570038E+02 -0.1049633E+01  0.3122222E+02  0.3255743E+02
  0.1043758E+02  0.3569686E+02 -0.1053150E+01  0.3127203E+02  0.3261944E+02
  0.1063476E+02  0.3569347E+02 -0.1056541E+01  0.3132276E+02  0.3268250E+02
  0.1083192E+02  0.3569026E+02 -0.1059750E+01  0.3137445E+02  0.3274658E+02
  0.1102907E+02  0.3568728E+02 -0.1062733E+01  0.3142714E+02  0.3281175E+02
  0.1122622E+02  0.3568439E+02 -0.1065620E+01  0.3148067E+02  0.3287784E+02
  0.1142336E+02  0.3568148E+02 -0.1068531E+01  0.3153521E+02  0.3294498E+02
  0.1162049E+02  0.3567851E+02 -0.1071503E+01  0.3159055E+02  0.3301296E+02
  0.1181761E+02  0.3567547E+02 -0.1074543E+01  0.3164680E+02  0.3308192E+02
  0.1201473E+02  0.3567228E+02 -0.1077732E+01  0.3170393E+02  0.3315175E+02
  0.1221183E+02  0.3566884E+02 -0.1081173E+01  0.3176192E+02  0.3322252E+02
  0.1240892E+02  0.3566508E+02 -0.1084930E+01  0.3182072E+02  0.3329415E+02
  0.1260600E+02  0.3566103E+02 -0.1088982E+01  0.3188033E+02  0.3336661E+02
  0.1280307E+02  0.3565683E+02 -0.1093182E+01  0.3194070E+02  0.3343995E+02
  0.1300013E+02  0.3565259E+02 -0.1097420E+01  0.3200184E+02  0.3351411E+02
  0.1319718E+02  0.3564842E+02 -0.1101593E+01  0.3206380E+02  0.3358920E+02
  0.1339421E+02  0.3564443E+02 -0.1105583E+01  0.3212644E+02  0.3366507E+02
  0.1359124E+02  0.3564057E+02 -0.1109440E+01  0.3218986E+02  0.3374181E+02
  0.1378825E+02  0.3563669E+02 -0.1113323E+01  0.3225407E+02  0.3381949E+02
  0.1398525E+02  0.3563268E+02 -0.1117333E+01  0.3231904E+02  0.3389805E+02
  0.1418225E+02  0.3562860E+02 -0.1121410E+01  0.3238485E+02  0.3397755E+02
  0.1437923E+02  0.3562459E+02 -0.1125420E+01  0.3245151E+02  0.3405804E+02
  0.1457620E+02  0.3562061E+02 -0.1129402E+01  0.3251897E+02  0.3413943E+02
  0.1477315E+02  0.3561660E+02 -0.1133411E+01  0.3258725E+02  0.3422176E+02
  0.1497010E+02  0.3561258E+02 -0.1137432E+01  0.3265646E+02  0.3430510E+02
  0.1516704E+02  0.3560856E+02 -0.1141453E+01  0.3272657E+02  0.3438945E+02
  0.1536396E+02  0.3560455E+02 -0.1145462E+01  0.3279764E+02  0.3447475E+02
  0.1556088E+02  0.3560051E+02 -0.1149502E+01  0.3286967E+02  0.3456109E+02
  0.1575778E+02  0.3559637E+02 -0.1153641E+01  0.3294273E+02  0.3464843E+02
  0.1595467E+02  0.3559223E+02 -0.1157780E+01  0.3301676E+02  0.3473675E+02
  0.1615155E+02  0.3558825E+02 -0.1161762E+01  0.3309184E+02  0.3482608E+02
  0.1634842E+02  0.3558433E+02 -0.1165680E+01  0.3316792E+02  0.3491639E+02
  0.1654528E+02  0.3558039E+02 -0.1169621E+01  0.3324504E+02  0.3500764E+02
  0.1674212E+02  0.3557649E+02 -0.1173523E+01  0.3332321E+02  0.3509988E+02
  0.1693896E+02  0.3557272E+02 -0.1177292E+01  0.3340241E+02  0.3519305E+02
  0.1713579E+02  0.3556909E+02 -0.1180920E+01  0.3348264E+02  0.3528717E+02
  0.1733261E+02  0.3556550E+02 -0.1184513E+01  0.3356387E+02  0.3538216E+02
  0.1752941E+02  0.3556168E+02 -0.1188332E+01  0.3364605E+02  0.3547808E+02
  0.1772621E+02  0.3555744E+02 -0.1192570E+01  0.3372919E+02  0.3557485E+02
  0.1792299E+02  0.3555285E+02 -0.1197163E+01  0.3381322E+02  0.3567247E+02
  0.1811976E+02  0.3554817E+02 -0.1201843E+01  0.3389816E+02  0.3577095E+02
  0.1831651E+02  0.3554354E+02 -0.1206471E+01  0.3398391E+02  0.3587021E+02
  0.1851325E+02  0.3553892E+02 -0.1211090E+01  0.3407055E+02  0.3597035E+02
  0.1870998E+02  0.3553417E+02 -0.1215843E+01  0.3415806E+02  0.3607135E+02
  0.1890670E+02  0.3552927E+02 -0.1220741E+01  0.3424633E+02  0.3617312E+02
  0.1910340E+02  0.3552431E+02 -0.1225700E+01  0.3433544E+02  0.3627571E+02
  0.1930009E+02  0.3551941E+02 -0.1230602E+01  0.3442533E+02  0.3637913E+02
  0.1949676E+02  0.3551465E+02 -0.1235363E+01  0.3451601E+02  0.3648333E+02
  0.1969343E+02  0.3551010E+02 -0.1239910E+01  0.3460753E+02  0.3658842E+02
  0.1989008E+02  0.3550591E+02 -0.1244103E+01  0.3469981E+02  0.3669431E+02
  0.2008672E+02  0.3550210E+02 -0.1247910E+01  0.3479282E+02  0.3680090E+02
  0.2028335E+02  0.3549853E+02 -0.1251480E+01  0.3488657E+02  0.3690821E+02
  0.2047998E+02  0.3549511E+02 -0.1254902E+01  0.3498109E+02  0.3701627E+02
  0.2067659E+02  0.3549175E+02 -0.1258263E+01  0.3507644E+02  0.3712511E+02
  0.2087320E+02  0.3548836E+02 -0.1261650E+01  0.3517256E+02  0.3723465E+02
  0.2106979E+02  0.3548491E+02 -0.1265102E+01  0.3526946E+02  0.3734488E+02
  0.2126637E+02  0.3548136E+02 -0.1268650E+01  0.3536710E+02  0.3745569E+02
  0.2146295E+02  0.3547771E+02 -0.1272301E+01  0.3546557E+02  0.3756717E+02
  0.2165951E+02  0.3547394E+02 -0.1276070E+01  0.3556478E+02  0.3767923E+02
  0.2185607E+02  0.3547004E+02 -0.1279972E+01  0.3566475E+02  0.3779185E+02
  0.2205261E+02  0.3546599E+02 -0.1284023E+01  0.3576549E+02  0.3790504E+02
  0.2224914E+02  0.3546183E+02 -0.1288181E+01  0.3586696E+02  0.3801872E+02
  0.2244565E+02  0.3545769E+02 -0.1292320E+01  0.3596914E+02  0.3813291E+02
  0.2264216E+02  0.3545384E+02 -0.1296173E+01  0.3607195E+02  0.3824750E+02
  0.2283866E+02  0.3545036E+02 -0.1299652E+01  0.3617548E+02  0.3836262E+02
  0.2303515E+02  0.3544703E+02 -0.1302982E+01  0.3627968E+02  0.3847818E+02
  0.2323163E+02  0.3544361E+02 -0.1306400E+01  0.3638452E+02  0.3859422E+02
  0.2342810E+02  0.3543998E+02 -0.1310032E+01  0.3648995E+02  0.3871067E+02
  0.2362456E+02  0.3543622E+02 -0.1313793E+01  0.3659604E+02  0.3882762E+02
  0.2382101E+02  0.3543247E+02 -0.1317543E+01  0.3670263E+02  0.3894494E+02
  0.2401745E+02  0.3542878E+02 -0.1321232E+01  0.3680978E+02  0.3906272E+02
  0.2421388E+02  0.3542517E+02 -0.1324841E+01  0.3691760E+02  0.3918111E+02
  0.2441030E+02  0.3542167E+02 -0.1328342E+01  0.3702601E+02  0.3930000E+02
  0.2460671E+02  0.3541827E+02 -0.1331741E+01  0.3713498E+02  0.3941942E+02
  0.2480311E+02  0.3541496E+02 -0.1335053E+01  0.3724466E+02  0.3953947E+02
  0.2499950E+02  0.3541184E+02 -0.1338173E+01  0.3735493E+02  0.3966011E+02
  0.2519589E+02  0.3540893E+02 -0.1341080E+01  0.3746592E+02  0.3978138E+02
  0.2539226E+02  0.3540615E+02 -0.1343861E+01  0.3757758E+02  0.3990327E+02
  0.2558863E+02  0.3540341E+02 -0.1346600E+01  0.3769005E+02  0.4002591E+02
  0.2578500E+02  0.3540063E+02 -0.1349381E+01  0.3780337E+02  0.4014927E+02
  0.2598135E+02  0.3539777E+02 -0.1352242E+01  0.3791757E+02  0.4027344E+02
  0.2617770E+02  0.3539488E+02 -0.1355133E+01  0.3803271E+02  0.4039837E+02
  0.2637403E+02  0.3539199E+02 -0.1358021E+01  0.3814878E+02  0.4052408E+02
  0.2657036E+02  0.3538895E+02 -0.1361061E+01  0.3826579E+02  0.4065057E+02
  0.2676668E+02  0.3538561E+02 -0.1364403E+01  0.3838378E+02  0.4077782E+02
  0.2696299E+02  0.3538205E+02 -0.1367962E+01  0.3850280E+02  0.4090590E+02
  0.2715929E+02  0.3537850E+02 -0.1371510E+01  0.3862278E+02  0.4103471E+02
  0.2735558E+02  0.3537502E+02 -0.1374992E+01  0.3874370E+02  0.4116424E+02
  0.2755186E+02  0.3537146E+02 -0.1378552E+01  0.3886552E+02  0.4129440E+02
  0.2774813E+02  0.3536780E+02 -0.1382210E+01  0.3898824E+02  0.4142521E+02
  0.2794439E+02  0.3536414E+02 -0.1385872E+01  0.3911178E+02  0.4155659E+02
  0.2814064E+02  0.3536048E+02 -0.1389530E+01  0.3923610E+02  0.4168850E+02
  0.2833688E+02  0.3535684E+02 -0.1393173E+01  0.3936121E+02  0.4182099E+02
  0.2853311E+02  0.3535322E+02 -0.1396790E+01  0.3948715E+02  0.4195407E+02
  0.2872933E+02  0.3534956E+02 -0.1400452E+01  0.3961375E+02  0.4208761E+02
  0.2892554E+02  0.3534589E+02 -0.1404121E+01  0.3974104E+02  0.4222162E+02
  0.2912173E+02  0.3534226E+02 -0.1407753E+01  0.3986873E+02  0.4235579E+02
  0.2931792E+02  0.3533872E+02 -0.1411293E+01  0.3999691E+02  0.4249030E+02
  0.2951410E+02  0.3533534E+02 -0.1414673E+01  0.4012540E+02  0.4262486E+02
  0.2971027E+02  0.3533212E+02 -0.1417893E+01  0.4025418E+02  0.4275953E+02
  0.2990644E+02  0.3532909E+02 -0.1420921E+01  0.4038251E+02  0.4289348E+02
  0.3010259E+02  0.3532619E+02 -0.1423821E+01  0.4051045E+02  0.4302674E+02
  0.3029874E+02  0.3532324E+02 -0.1426773E+01  0.4063786E+02  0.4315919E+02
  0.3049488E+02  0.3532010E+02 -0.1429913E+01  0.4076467E+02  0.4329076E+02
  0.3069101E+02  0.3531673E+02 -0.1433281E+01  0.4089059E+02  0.4342109E+02
  0.3088712E+02  0.3531320E+02 -0.1436810E+01  0.4101593E+02  0.4355056E+02
  0.3108323E+02  0.3530963E+02 -0.1440380E+01  0.4114001E+02  0.4367838E+02
  0.3127933E+02  0.3530608E+02 -0.1443932E+01  0.4126301E+02  0.4380471E+02
  0.3147542E+02  0.3530248E+02 -0.1447533E+01  0.4138431E+02  0.4392885E+02
  0.3167150E+02  0.3529874E+02 -0.1451271E+01  0.4150451E+02  0.4405150E+02
  0.3186756E+02  0.3529480E+02 -0.1455212E+01  0.4162325E+02  0.4417229E+02
  0.3206362E+02  0.3529075E+02 -0.1459263E+01  0.4174070E+02  0.4429135E+02
  0.3225966E+02  0.3528668E+02 -0.1463333E+01  0.4185722E+02  0.4440910E+02
  0.3245570E+02  0.3528260E+02 -0.1467411E+01  0.4197141E+02  0.4452395E+02
  0.3265172E+02  0.3527855E+02 -0.1471462E+01  0.4208490E+02  0.4463773E+02
  0.3284773E+02  0.3527461E+02 -0.1475403E+01  0.4219613E+02  0.4474863E+02
  0.3304373E+02  0.3527074E+02 -0.1479271E+01  0.4230597E+02  0.4485770E+02
  0.3323972E+02  0.3526697E+02 -0.1483040E+01  0.4241573E+02  0.4496637E+02
  0.3343570E+02  0.3526337E+02 -0.1486641E+01  0.4252343E+02  0.4507243E+02
  0.3363167E+02  0.3525994E+02 -0.1490070E+01  0.4263078E+02  0.4517788E+02
  0.3382763E+02  0.3525669E+02 -0.1493321E+01  0.4273605E+02  0.4528067E+02
  0.3402358E+02  0.3525359E+02 -0.1496422E+01  0.4284045E+02  0.4538224E+02
  0.3421953E+02  0.3525049E+02 -0.1499523E+01  0.4294478E+02  0.4548354E+02
  0.3441546E+02  0.3524714E+02 -0.1502873E+01  0.4304793E+02  0.4558321E+02
  0.3461139E+02  0.3524347E+02 -0.1506542E+01  0.4315007E+02  0.4568158E+02
  0.3480730E+02  0.3523967E+02 -0.1510342E+01  0.4325157E+02  0.4577904E+02
  0.3500320E+02  0.3523593E+02 -0.1514080E+01  0.4335286E+02  0.4587605E+02
  0.3519910E+02  0.3523239E+02 -0.1517620E+01  0.4345292E+02  0.4597149E+02
  0.3539498E+02  0.3522908E+02 -0.1520931E+01  0.4355195E+02  0.4606562E+02
  0.3559086E+02  0.3522584E+02 -0.1524170E+01  0.4364953E+02  0.4615799E+02
  0.3578672E+02  0.3522234E+02 -0.1527672E+01  0.4374469E+02  0.4624742E+02
  0.3598258E+02  0.3521846E+02 -0.1531551E+01  0.4383891E+02  0.4633570E+02
  0.3617842E+02  0.3521428E+02 -0.1535732E+01  0.4393445E+02  0.4642536E+02
  0.3637425E+02  0.3520998E+02 -0.1540031E+01  0.4402877E+02  0.4651348E+02
  0.3657007E+02  0.3520575E+02 -0.1544262E+01  0.4412176E+02  0.4660000E+02
  0.3676588E+02  0.3520166E+02 -0.1548351E+01  0.4421418E+02  0.4668576E+02
  0.3696167E+02  0.3519771E+02 -0.1552303E+01  0.4430666E+02  0.4677150E+02
  0.3715746E+02  0.3519390E+02 -0.1556110E+01  0.4439881E+02  0.4685669E+02
  0.3735324E+02  0.3519020E+02 -0.1559811E+01  0.4449061E+02  0.4694140E+02
  0.3754900E+02  0.3518663E+02 -0.1563381E+01  0.4458258E+02  0.4702617E+02
  0.3774476E+02  0.3518331E+02 -0.1566700E+01  0.4467324E+02  0.4710933E+02
  0.3794051E+02  0.3518041E+02 -0.1569603E+01  0.4476327E+02  0.4719170E+02
  0.3813626E+02  0.3517804E+02 -0.1571972E+01  0.4485427E+02  0.4727501E+02
  0.3833200E+02  0.3517630E+02 -0.1573711E+01  0.4494365E+02  0.4735639E+02
  0.3852773E+02  0.3517512E+02 -0.1574890E+01  0.4503363E+02  0.4743829E+02
  0.3872347E+02  0.3517441E+02 -0.1575600E+01  0.4512409E+02  0.4752066E+02
  0.3891921E+02  0.3517411E+02 -0.1575901E+01  0.4521316E+02  0.4760134E+02
  0.3911495E+02  0.3517433E+02 -0.1575680E+01  0.4530142E+02  0.4768101E+02
  0.3931069E+02  0.3517523E+02 -0.1574783E+01  0.4538976E+02  0.4776067E+02
  0.3950643E+02  0.3517693E+02 -0.1573082E+01  0.4547798E+02  0.4784005E+02
  0.3970219E+02  0.3517936E+02 -0.1570652E+01  0.4556467E+02  0.4791765E+02
  0.3989795E+02  0.3518247E+02 -0.1567543E+01  0.4565187E+02  0.4799574E+02
  0.4009373E+02  0.3518618E+02 -0.1563831E+01  0.4573896E+02  0.4807358E+02
  0.4028952E+02  0.3519007E+02 -0.1559940E+01  0.4582401E+02  0.4814907E+02
  0.4048531E+02  0.3519339E+02 -0.1556622E+01  0.4591054E+02  0.4822615E+02
  0.4068111E+02  0.3519579E+02 -0.1554222E+01  0.4599523E+02  0.4830110E+02
  0.4087691E+02  0.3519747E+02 -0.1552540E+01  0.4607855E+02  0.4837449E+02
  0.4107272E+02  0.3519865E+02 -0.1551361E+01  0.4616093E+02  0.4844679E+02
  0.4126853E+02  0.3519942E+02 -0.1550591E+01  0.4624443E+02  0.4852029E+02
  0.4146434E+02  0.3519979E+02 -0.1550221E+01  0.4632691E+02  0.4859261E+02
  0.4166014E+02  0.3519981E+02 -0.1550201E+01  0.4640826E+02  0.4866367E+02
  0.4185595E+02  0.3519955E+02 -0.1550461E+01  0.4648875E+02  0.4873378E+02
  0.4205176E+02  0.3519906E+02 -0.1550953E+01  0.4656871E+02  0.4880327E+02
  0.4224756E+02  0.3519841E+02 -0.1551601E+01  0.4664861E+02  0.4887276E+02
  0.4244336E+02  0.3519765E+02 -0.1552361E+01  0.4672705E+02  0.4894061E+02
  0.4263916E+02  0.3519683E+02 -0.1553181E+01  0.4680603E+02  0.4900908E+02
  0.4283495E+02  0.3519593E+02 -0.1554081E+01  0.4688520E+02  0.4907780E+02
  0.4303075E+02  0.3519497E+02 -0.1555042E+01  0.4696228E+02  0.4914422E+02
  0.4322654E+02  0.3519406E+02 -0.1555950E+01  0.4704047E+02  0.4921192E+02
  0.4342233E+02  0.3519323E+02 -0.1556782E+01  0.4711718E+02  0.4927796E+02
  0.4361811E+02  0.3519240E+02 -0.1557610E+01  0.4719524E+02  0.4934553E+02
  0.4381390E+02  0.3519146E+02 -0.1558552E+01  0.4727212E+02  0.4941184E+02
  0.4400968E+02  0.3519034E+02 -0.1559673E+01  0.4734849E+02  0.4947758E+02
  0.4420545E+02  0.3518903E+02 -0.1560982E+01  0.4742667E+02  0.4954530E+02
  0.4440123E+02  0.3518764E+02 -0.1562370E+01  0.4750477E+02  0.4961295E+02
  0.4459699E+02  0.3518628E+02 -0.1563732E+01  0.4758228E+02  0.4967996E+02
  0.4479276E+02  0.3518500E+02 -0.1565010E+01  0.4765911E+02  0.4974617E+02
  0.4498852E+02  0.3518385E+02 -0.1566162E+01  0.4773624E+02  0.4981270E+02
  0.4518428E+02  0.3518284E+02 -0.1567173E+01  0.4781335E+02  0.4987914E+02
  0.4538004E+02  0.3518192E+02 -0.1568092E+01  0.4788986E+02  0.4994491E+02
  0.4557579E+02  0.3518100E+02 -0.1569012E+01  0.4796624E+02  0.5001045E+02
  0.4577154E+02  0.3518004E+02 -0.1569973E+01  0.4804263E+02  0.5007594E+02
  0.4596729E+02  0.3517909E+02 -0.1570923E+01  0.4812005E+02  0.5014245E+02
  0.4616304E+02  0.3517823E+02 -0.1571781E+01  0.4819696E+02  0.5020840E+02
  0.4635879E+02  0.3517754E+02 -0.1572472E+01  0.4827352E+02  0.5027388E+02
  0.4655453E+02  0.3517708E+02 -0.1572933E+01  0.4835070E+02  0.5033994E+02
  0.4675027E+02  0.3517685E+02 -0.1573162E+01  0.4842795E+02  0.5040604E+02
  0.4694602E+02  0.3517679E+02 -0.1573223E+01  0.4850370E+02  0.5047044E+02
  0.4714176E+02  0.3517684E+02 -0.1573170E+01  0.4857981E+02  0.5053518E+02
  0.4733751E+02  0.3517696E+02 -0.1573052E+01  0.4865586E+02  0.5059982E+02
  0.4753325E+02  0.3517709E+02 -0.1572922E+01  0.4873278E+02  0.5066534E+02
  0.4772900E+02  0.3517708E+02 -0.1572933E+01  0.4880725E+02  0.5072823E+02
  0.4792474E+02  0.3517681E+02 -0.1573200E+01  0.4888356E+02  0.5079311E+02
  0.4812048E+02  0.3517632E+02 -0.1573692E+01  0.4895716E+02  0.5085506E+02
  0.4831622E+02  0.3517576E+02 -0.1574253E+01  0.4903213E+02  0.5091851E+02
  0.4851196E+02  0.3517526E+02 -0.1574753E+01  0.4910384E+02  0.5097851E+02
  0.4870770E+02  0.3517480E+02 -0.1575211E+01  0.4917763E+02  0.5104075E+02
  0.4890344E+02  0.3517429E+02 -0.1575722E+01  0.4925062E+02  0.5110226E+02
  0.4909917E+02  0.3517377E+02 -0.1576241E+01  0.4932242E+02  0.5116248E+02
  0.4929490E+02  0.3517331E+02 -0.1576702E+01  0.4939540E+02  0.5122409E+02
  0.4949064E+02  0.3517297E+02 -0.1577042E+01  0.4946528E+02  0.5128238E+02
  0.4968637E+02  0.3517276E+02 -0.1577251E+01  0.4953713E+02  0.5134288E+02
  0.4988210E+02  0.3517267E+02 -0.1577343E+01  0.4960998E+02  0.5140456E+02
  0.5007784E+02  0.3517271E+02 -0.1577301E+01  0.4968259E+02  0.5146606E+02
  0.5027357E+02  0.3517278E+02 -0.1577232E+01  0.4975374E+02  0.5152603E+02
  0.5046930E+02  0.3517284E+02 -0.1577171E+01  0.4982591E+02  0.5158719E+02
  0.5066504E+02  0.3517290E+02 -0.1577110E+01  0.4989537E+02  0.5164549E+02
  0.5086077E+02  0.3517300E+02 -0.1577011E+01  0.4996495E+02  0.5170400E+02
  0.5105650E+02  0.3517314E+02 -0.1576870E+01  0.5003586E+02  0.5176395E+02
  0.5125224E+02  0.3517333E+02 -0.1576683E+01  0.5010623E+02  0.5182338E+02
  0.5144797E+02  0.3517362E+02 -0.1576393E+01  0.5017480E+02  0.5188095E+02
  0.5164371E+02  0.3517401E+02 -0.1576000E+01  0.5024596E+02  0.5194132E+02
  0.5183945E+02  0.3517444E+02 -0.1575573E+01  0.5031827E+02  0.5200291E+02
  0.5203519E+02  0.3517485E+02 -0.1575161E+01  0.5038936E+02  0.5206326E+02
  0.5223093E+02  0.3517516E+02 -0.1574852E+01  0.5045998E+02  0.5212309E+02
  0.5242667E+02  0.3517536E+02 -0.1574650E+01  0.5053197E+02  0.5218439E+02
  0.5262241E+02  0.3517556E+02 -0.1574451E+01  0.5060358E+02  0.5224534E+02
  0.5281815E+02  0.3517584E+02 -0.1574173E+01  0.5067267E+02  0.5230352E+02
  0.5301389E+02  0.3517612E+02 -0.1573891E+01  0.5074461E+02  0.5236482E+02
  0.5320964E+02  0.3517634E+02 -0.1573673E+01  0.5081625E+02  0.5242582E+02
  0.5340538E+02  0.3517656E+02 -0.1573452E+01  0.5088680E+02  0.5248561E+02
  0.5360112E+02  0.3517684E+02 -0.1573170E+01  0.5095744E+02  0.5254557E+02
  0.5379687E+02  0.3517715E+02 -0.1572861E+01  0.5102732E+02  0.5260473E+02
  0.5399262E+02  0.3517744E+02 -0.1572571E+01  0.5109618E+02  0.5266276E+02
  0.5418836E+02  0.3517765E+02 -0.1572361E+01  0.5116620E+02  0.5272210E+02
  0.5438411E+02  0.3517780E+02 -0.1572212E+01  0.5123530E+02  0.5278051E+02
  0.5457986E+02  0.3517790E+02 -0.1572113E+01  0.5130411E+02  0.5283860E+02
  0.5477560E+02  0.3517795E+02 -0.1572060E+01  0.5137218E+02  0.5289591E+02
  0.5497135E+02  0.3517798E+02 -0.1572033E+01  0.5144081E+02  0.5295390E+02
  0.5516710E+02  0.3517794E+02 -0.1572071E+01  0.5150948E+02  0.5301196E+02
  0.5536284E+02  0.3517770E+02 -0.1572311E+01  0.5157754E+02  0.5306944E+02
  0.5555859E+02  0.3517728E+02 -0.1572731E+01  0.5164799E+02  0.5312948E+02
  0.5575433E+02  0.3517678E+02 -0.1573231E+01  0.5171489E+02  0.5318577E+02
  0.5595008E+02  0.3517639E+02 -0.1573620E+01  0.5178371E+02  0.5324414E+02
  0.5614582E+02  0.3517619E+02 -0.1573822E+01  0.5185343E+02  0.5330356E+02
  0.5634156E+02  0.3517614E+02 -0.1573872E+01  0.5192173E+02  0.5336144E+02
  0.5653730E+02  0.3517618E+02 -0.1573830E+01  0.5198809E+02  0.5341734E+02
  0.5673305E+02  0.3517629E+02 -0.1573723E+01  0.5205563E+02  0.5347451E+02
  0.5692879E+02  0.3517640E+02 -0.1573612E+01  0.5212292E+02  0.5353148E+02
  0.5712453E+02  0.3517641E+02 -0.1573601E+01  0.5219080E+02  0.5358908E+02
  0.5732027E+02  0.3517630E+02 -0.1573711E+01  0.5225921E+02  0.5364728E+02
  0.5751602E+02  0.3517621E+02 -0.1573803E+01  0.5232711E+02  0.5370494E+02
  0.5771176E+02  0.3517632E+02 -0.1573692E+01  0.5239592E+02  0.5376363E+02
  0.5790750E+02  0.3517671E+02 -0.1573303E+01  0.5246473E+02  0.5382228E+02
  0.5810325E+02  0.3517733E+02 -0.1572681E+01  0.5253189E+02  0.5387918E+02
  0.5829900E+02  0.3517800E+02 -0.1572010E+01  0.5259937E+02  0.5393650E+02
  0.5849475E+02  0.3517853E+02 -0.1571480E+01  0.5266900E+02  0.5399611E+02
  0.5869050E+02  0.3517889E+02 -0.1571121E+01  0.5273884E+02  0.5405594E+02
  0.5888625E+02  0.3517914E+02 -0.1570873E+01  0.5280820E+02  0.5411536E+02
  0.5908200E+02  0.3517933E+02 -0.1570683E+01  0.5287602E+02  0.5417313E+02
  0.5927775E+02  0.3517942E+02 -0.1570591E+01  0.5294557E+02  0.5423280E+02
  0.5947350E+02  0.3517928E+02 -0.1570732E+01  0.5301469E+02  0.5429206E+02
  0.5966925E+02  0.3517892E+02 -0.1571091E+01  0.5308239E+02  0.5434985E+02
  0.5986500E+02  0.3517847E+02 -0.1571541E+01  0.5315067E+02  0.5440831E+02
  0.6006075E+02  0.3517808E+02 -0.1571930E+01  0.5321925E+02  0.5446718E+02
  0.6025649E+02  0.3517780E+02 -0.1572212E+01  0.5328658E+02  0.5452482E+02
  0.6045224E+02  0.3517766E+02 -0.1572350E+01  0.5335239E+02  0.5458089E+02
  0.6064799E+02  0.3517764E+02 -0.1572372E+01  0.5341874E+02  0.5463762E+02
  0.6084373E+02  0.3517770E+02 -0.1572311E+01  0.5348400E+02  0.5469329E+02
  0.6103948E+02  0.3517777E+02 -0.1572243E+01  0.5354962E+02  0.5474942E+02
  0.6123523E+02  0.3517776E+02 -0.1572250E+01  0.5361604E+02  0.5480649E+02
  0.6143097E+02  0.3517767E+02 -0.1572342E+01  0.5368263E+02  0.5486384E+02
  0.6162672E+02  0.3517755E+02 -0.1572460E+01  0.5374836E+02  0.5492037E+02
  0.6182246E+02  0.3517753E+02 -0.1572483E+01  0.5381328E+02  0.5497613E+02
  0.6201821E+02  0.3517760E+02 -0.1572411E+01  0.5387829E+02  0.5503205E+02
  0.6221396E+02  0.3517773E+02 -0.1572281E+01  0.5394006E+02  0.5508462E+02
  0.6240971E+02  0.3517789E+02 -0.1572121E+01  0.5400443E+02  0.5513999E+02
  0.6260545E+02  0.3517813E+02 -0.1571880E+01  0.5406895E+02  0.5519558E+02
  0.6280120E+02  0.3517848E+02 -0.1571533E+01  0.5413336E+02  0.5525110E+02
  0.6299695E+02  0.3517886E+02 -0.1571152E+01  0.5419735E+02  0.5530622E+02
  0.6319270E+02  0.3517912E+02 -0.1570892E+01  0.5426382E+02  0.5536398E+02
  0.6338845E+02  0.3517925E+02 -0.1570763E+01  0.5432874E+02  0.5542012E+02
  0.6358421E+02  0.3517928E+02 -0.1570732E+01  0.5439390E+02  0.5547655E+02
  0.6377996E+02  0.3517921E+02 -0.1570801E+01  0.5445955E+02  0.5553351E+02
  0.6397571E+02  0.3517901E+02 -0.1571003E+01  0.5452315E+02  0.5558833E+02
  0.6417146E+02  0.3517874E+02 -0.1571270E+01  0.5458804E+02  0.5564453E+02
  0.6436720E+02  0.3517849E+02 -0.1571522E+01  0.5465288E+02  0.5570068E+02
  0.6456295E+02  0.3517829E+02 -0.1571720E+01  0.5471953E+02  0.5575874E+02
  0.6475870E+02  0.3517811E+02 -0.1571903E+01  0.5478526E+02  0.5581584E+02
  0.6495445E+02  0.3517795E+02 -0.1572060E+01  0.5485290E+02  0.5587495E+02
  0.6515019E+02  0.3517781E+02 -0.1572201E+01  0.5491997E+02  0.5593347E+02
  0.6534594E+02  0.3517771E+02 -0.1572300E+01  0.5498463E+02  0.5598947E+02
  0.6554169E+02  0.3517768E+02 -0.1572331E+01  0.5505141E+02  0.5604773E+02
  0.6573743E+02  0.3517770E+02 -0.1572311E+01  0.5511860E+02  0.5610645E+02
  0.6593318E+02  0.3517772E+02 -0.1572292E+01  0.5518578E+02  0.5616520E+02
  0.6612893E+02  0.3517781E+02 -0.1572201E+01  0.5525359E+02  0.5622468E+02
  0.6632467E+02  0.3517801E+02 -0.1572002E+01  0.5531995E+02  0.5628268E+02
  0.6652042E+02  0.3517833E+02 -0.1571682E+01  0.5538630E+02  0.5634073E+02
  0.6671617E+02  0.3517871E+02 -0.1571301E+01  0.5545117E+02  0.5639728E+02
  0.6691192E+02  0.3517906E+02 -0.1570950E+01  0.5551896E+02  0.5645697E+02
  0.6710768E+02  0.3517935E+02 -0.1570660E+01  0.5558431E+02  0.5651420E+02
  0.6730343E+02  0.3517958E+02 -0.1570431E+01  0.5564959E+02  0.5657140E+02
  0.6749918E+02  0.3517975E+02 -0.1570263E+01  0.5571573E+02  0.5662957E+02
  0.6769493E+02  0.3517987E+02 -0.1570141E+01  0.5578050E+02  0.5668638E+02
  0.6789069E+02  0.3517995E+02 -0.1570061E+01  0.5584459E+02  0.5674255E+02
  0.6808644E+02  0.3518004E+02 -0.1569973E+01  0.5590720E+02  0.5679721E+02
  0.6828219E+02  0.3518019E+02 -0.1569820E+01  0.5597239E+02  0.5685466E+02
  0.6847795E+02  0.3518040E+02 -0.1569611E+01  0.5603639E+02  0.5691091E+02
  0.6867370E+02  0.3518058E+02 -0.1569431E+01  0.5610054E+02  0.5696742E+02
  0.6886946E+02  0.3518058E+02 -0.1569431E+01  0.5616518E+02  0.5702453E+02
  0.6906521E+02  0.3518035E+02 -0.1569660E+01  0.5622801E+02  0.5707982E+02
  0.6926096E+02  0.3517991E+02 -0.1570103E+01  0.5629135E+02  0.5713569E+02
  0.6945671E+02  0.3517941E+02 -0.1570602E+01  0.5635344E+02  0.5719033E+02
  0.6965246E+02  0.3517898E+02 -0.1571030E+01  0.5641525E+02  0.5724478E+02
  0.6984821E+02  0.3517867E+02 -0.1571343E+01  0.5647902E+02  0.5730133E+02
  0.7004396E+02  0.3517840E+02 -0.1571613E+01  0.5654133E+02  0.5735641E+02
  0.7023971E+02  0.3517808E+02 -0.1571930E+01  0.5660325E+02  0.5741114E+02
  0.7043545E+02  0.3517777E+02 -0.1572243E+01  0.5666761E+02  0.5746846E+02
  0.7063120E+02  0.3517766E+02 -0.1572350E+01  0.5673355E+02  0.5752748E+02
  0.7082695E+02  0.3517784E+02 -0.1572170E+01  0.5679794E+02  0.5758493E+02
  0.7102269E+02  0.3517824E+02 -0.1571770E+01  0.5686207E+02  0.5764216E+02
  0.7121845E+02  0.3517875E+02 -0.1571262E+01  0.5692715E+02  0.5770044E+02
  0.7141420E+02  0.3517930E+02 -0.1570713E+01  0.5699139E+02  0.5775790E+02
  0.7160995E+02  0.3517988E+02 -0.1570133E+01  0.5705560E+02  0.5781535E+02
  0.7180571E+02  0.3518048E+02 -0.1569531E+01  0.5712046E+02  0.5787352E+02
  0.7200146E+02  0.3518109E+02 -0.1568920E+01  0.5718549E+02  0.5793195E+02
  0.7219722E+02  0.3518168E+02 -0.1568333E+01  0.5724814E+02  0.5798795E+02
  0.7239298E+02  0.3518218E+02 -0.1567833E+01  0.5731066E+02  0.5804387E+02
  0.7258874E+02  0.3518250E+02 -0.1567513E+01  0.5737381E+02  0.5810048E+02
  0.7278450E+02  0.3518271E+02 -0.1567303E+01  0.5743999E+02  0.5816026E+02
  0.7298026E+02  0.3518291E+02 -0.1567101E+01  0.5750463E+02  0.5821849E+02
  0.7317603E+02  0.3518318E+02 -0.1566830E+01  0.5757060E+02  0.5827813E+02
  0.7337179E+02  0.3518340E+02 -0.1566612E+01  0.5763345E+02  0.5833460E+02
  0.7356755E+02  0.3518343E+02 -0.1566582E+01  0.5769893E+02  0.5839384E+02
  0.7376331E+02  0.3518318E+02 -0.1566830E+01  0.5776289E+02  0.5845158E+02
  0.7395907E+02  0.3518273E+02 -0.1567280E+01  0.5782610E+02  0.5850859E+02
  0.7415483E+02  0.3518224E+02 -0.1567772E+01  0.5789141E+02  0.5856785E+02
  0.7435059E+02  0.3518184E+02 -0.1568173E+01  0.5795390E+02  0.5862421E+02
  0.7454634E+02  0.3518153E+02 -0.1568481E+01  0.5801632E+02  0.5868055E+02
  0.7474210E+02  0.3518136E+02 -0.1568653E+01  0.5807855E+02  0.5873676E+02
  0.7493786E+02  0.3518132E+02 -0.1568691E+01  0.5814093E+02  0.5879318E+02
  0.7513361E+02  0.3518135E+02 -0.1568661E+01  0.5820268E+02  0.5884898E+02
  0.7532937E+02  0.3518138E+02 -0.1568630E+01  0.5826421E+02  0.5890462E+02
  0.7552513E+02  0.3518148E+02 -0.1568531E+01  0.5832827E+02  0.5896293E+02
  0.7572089E+02  0.3518183E+02 -0.1568180E+01  0.5839083E+02  0.5901975E+02
  0.7591665E+02  0.3518254E+02 -0.1567471E+01  0.5845378E+02  0.5907703E+02
  0.7611241E+02  0.3518361E+02 -0.1566402E+01  0.5851378E+02  0.5913135E+02
  0.7630818E+02  0.3518508E+02 -0.1564930E+01  0.5857580E+02  0.5918780E+02
  0.7650396E+02  0.3518694E+02 -0.1563072E+01  0.5863783E+02  0.5924432E+02
  0.7669974E+02  0.3518914E+02 -0.1560871E+01  0.5869806E+02  0.5929907E+02
  0.7689553E+02  0.3519166E+02 -0.1558350E+01  0.5875907E+02  0.5935472E+02
  0.7709133E+02  0.3519451E+02 -0.1555500E+01  0.5882168E+02  0.5941211E+02
  0.7728713E+02  0.3519771E+02 -0.1552303E+01  0.5888406E+02  0.5946935E+02
  0.7748295E+02  0.3520124E+02 -0.1548771E+01  0.5894844E+02  0.5952874E+02
  0.7767878E+02  0.3520510E+02 -0.1544910E+01  0.5901238E+02  0.5958774E+02
  0.7787462E+02  0.3520923E+02 -0.1540783E+01  0.5907387E+02  0.5964432E+02
  0.7807047E+02  0.3521357E+02 -0.1536442E+01  0.5913502E+02  0.5970056E+02
  0.7826634E+02  0.3521798E+02 -0.1532032E+01  0.5919708E+02  0.5975782E+02
  0.7846221E+02  0.3522237E+02 -0.1527641E+01  0.5925467E+02  0.5981051E+02
  0.7865810E+02  0.3522663E+02 -0.1523380E+01  0.5931796E+02  0.5986912E+02
  0.7885400E+02  0.3523063E+02 -0.1519383E+01  0.5937786E+02  0.5992428E+02
  0.7904991E+02  0.3523422E+02 -0.1515793E+01  0.5944122E+02  0.5998310E+02
  0.7924583E+02  0.3523730E+02 -0.1512711E+01  0.5950542E+02  0.6004287E+02
  0.7944175E+02  0.3523989E+02 -0.1510120E+01  0.5956583E+02  0.6009885E+02
  0.7963768E+02  0.3524199E+02 -0.1508022E+01  0.5962521E+02  0.6015383E+02
  0.7983361E+02  0.3524362E+02 -0.1506390E+01  0.5968665E+02  0.6021097E+02
  0.8002954E+02  0.3524477E+02 -0.1505241E+01  0.5974768E+02  0.6026779E+02
  0.8022548E+02  0.3524549E+02 -0.1504520E+01  0.5980615E+02  0.6032204E+02
  0.8042141E+02  0.3524577E+02 -0.1504242E+01  0.5986705E+02  0.6037887E+02
  0.8061735E+02  0.3524558E+02 -0.1504433E+01  0.5992716E+02  0.6043496E+02
  0.8081328E+02  0.3524491E+02 -0.1505100E+01  0.5998747E+02  0.6049133E+02
  0.8100921E+02  0.3524388E+02 -0.1506130E+01  0.6004610E+02  0.6054600E+02
  0.8120514E+02  0.3524262E+02 -0.1507393E+01  0.6010800E+02  0.6060403E+02
  0.8140106E+02  0.3524126E+02 -0.1508751E+01  0.6017055E+02  0.6066282E+02
  0.8159697E+02  0.3523979E+02 -0.1510220E+01  0.6023200E+02  0.6072053E+02
  0.8179289E+02  0.3523825E+02 -0.1511761E+01  0.6029304E+02  0.6077789E+02
  0.8198880E+02  0.3523673E+02 -0.1513283E+01  0.6035569E+02  0.6083695E+02
  0.8218470E+02  0.3523538E+02 -0.1514633E+01  0.6041787E+02  0.6089563E+02
  0.8238060E+02  0.3523435E+02 -0.1515663E+01  0.6048192E+02  0.6095630E+02
  0.8257651E+02  0.3523373E+02 -0.1516281E+01  0.6054281E+02  0.6101384E+02
  0.8277241E+02  0.3523356E+02 -0.1516453E+01  0.6060660E+02  0.6107443E+02
  0.8296831E+02  0.3523388E+02 -0.1516132E+01  0.6066422E+02  0.6112877E+02
  0.8316422E+02  0.3523461E+02 -0.1515400E+01  0.6072541E+02  0.6118687E+02
  0.8336013E+02  0.3523550E+02 -0.1514511E+01  0.6078623E+02  0.6124464E+02
  0.8355604E+02  0.3523637E+02 -0.1513641E+01  0.6084640E+02  0.6130185E+02
  0.8375195E+02  0.3523720E+02 -0.1512810E+01  0.6090591E+02  0.6135844E+02
  0.8394787E+02  0.3523804E+02 -0.1511971E+01  0.6096721E+02  0.6141694E+02
  0.8414378E+02  0.3523882E+02 -0.1511192E+01  0.6102720E+02  0.6147421E+02
  0.8433970E+02  0.3523943E+02 -0.1510582E+01  0.6108915E+02  0.6153355E+02
  0.8453562E+02  0.3523983E+02 -0.1510181E+01  0.6115134E+02  0.6159326E+02
  0.8473154E+02  0.3524002E+02 -0.1509991E+01  0.6121384E+02  0.6165339E+02
  0.8492746E+02  0.3524001E+02 -0.1510002E+01  0.6127239E+02  0.6170965E+02
  0.8512338E+02  0.3523985E+02 -0.1510162E+01  0.6133160E+02  0.6176668E+02
  0.8531930E+02  0.3523959E+02 -0.1510422E+01  0.6139410E+02  0.6182717E+02
  0.8551522E+02  0.3523925E+02 -0.1510761E+01  0.6145504E+02  0.6188619E+02
  0.8571113E+02  0.3523891E+02 -0.1511101E+01  0.6151406E+02  0.6194338E+02
  0.8590705E+02  0.3523862E+02 -0.1511391E+01  0.6156931E+02  0.6199689E+02
  0.8610296E+02  0.3523845E+02 -0.1511562E+01  0.6162805E+02  0.6205403E+02
  0.8629888E+02  0.3523835E+02 -0.1511662E+01  0.6168562E+02  0.6211012E+02
  0.8649479E+02  0.3523828E+02 -0.1511730E+01  0.6174356E+02  0.6216673E+02
  0.8669071E+02  0.3523825E+02 -0.1511761E+01  0.6179833E+02  0.6222025E+02
  0.8688662E+02  0.3523831E+02 -0.1511700E+01  0.6185390E+02  0.6227469E+02
  0.8708254E+02  0.3523843E+02 -0.1511581E+01  0.6190902E+02  0.6232880E+02
  0.8727846E+02  0.3523857E+02 -0.1511440E+01  0.6196594E+02  0.6238488E+02
  0.8747437E+02  0.3523868E+02 -0.1511330E+01  0.6202225E+02  0.6244045E+02
  0.8767029E+02  0.3523866E+02 -0.1511353E+01  0.6208255E+02  0.6250020E+02
  0.8786620E+02  0.3523853E+02 -0.1511482E+01  0.6213765E+02  0.6255487E+02
  0.8806212E+02  0.3523834E+02 -0.1511673E+01  0.6218980E+02  0.6260671E+02
  0.8825803E+02  0.3523805E+02 -0.1511963E+01  0.6224411E+02  0.6266082E+02
  0.8845394E+02  0.3523756E+02 -0.1512451E+01  0.6230166E+02  0.6271824E+02
  0.8864985E+02  0.3523697E+02 -0.1513042E+01  0.6235306E+02  0.6276970E+02
  0.8884576E+02  0.3523650E+02 -0.1513512E+01  0.6240481E+02  0.6282164E+02
  0.8904167E+02  0.3523629E+02 -0.1513722E+01  0.6245780E+02  0.6287498E+02
  0.8923758E+02  0.3523625E+02 -0.1513760E+01  0.6250897E+02  0.6292661E+02
  0.8943349E+02  0.3523631E+02 -0.1513702E+01  0.6256359E+02  0.6298182E+02
  0.8962940E+02  0.3523646E+02 -0.1513550E+01  0.6261865E+02  0.6303764E+02
  0.8982531E+02  0.3523670E+02 -0.1513313E+01  0.6267197E+02  0.6309187E+02
  0.9002123E+02  0.3523700E+02 -0.1513012E+01  0.6272303E+02  0.6314405E+02
  0.9021714E+02  0.3523732E+02 -0.1512692E+01  0.6277650E+02  0.6319890E+02
  0.9041305E+02  0.3523764E+02 -0.1512371E+01  0.6282929E+02  0.6325321E+02
  0.9060897E+02  0.3523792E+02 -0.1512093E+01  0.6288034E+02  0.6330596E+02
  0.9080488E+02  0.3523812E+02 -0.1511890E+01  0.6293583E+02  0.6336332E+02
  0.9100080E+02  0.3523828E+02 -0.1511730E+01  0.6299098E+02  0.6342051E+02
  0.9119671E+02  0.3523841E+02 -0.1511601E+01  0.6304393E+02  0.6347579E+02
  0.9139263E+02  0.3523851E+02 -0.1511501E+01  0.6309475E+02  0.6352919E+02
  0.9158854E+02  0.3523860E+02 -0.1511410E+01  0.6314595E+02  0.6358315E+02
  0.9178446E+02  0.3523865E+02 -0.1511360E+01  0.6319654E+02  0.6363678E+02
  0.9198038E+02  0.3523861E+02 -0.1511402E+01  0.6324591E+02  0.6368942E+02
  0.9217629E+02  0.3523853E+02 -0.1511482E+01  0.6329675E+02  0.6374373E+02
  0.9237221E+02  0.3523848E+02 -0.1511532E+01  0.6334649E+02  0.6379721E+02
  0.9256812E+02  0.3523852E+02 -0.1511490E+01  0.6339924E+02  0.6385388E+02
  0.9276404E+02  0.3523862E+02 -0.1511391E+01  0.6344989E+02  0.6390873E+02
  0.9295996E+02  0.3523874E+02 -0.1511272E+01  0.6350184E+02  0.6396502E+02
