 -0.6459985E+02  0.1470050E+03  0.0000000E+00  0.5502840E+02  0.5599370E+02
 -0.6419969E+02  0.1470051E+03  0.9155273E-04  0.5489492E+02  0.5587868E+02
 -0.6379954E+02  0.1470051E+03  0.9155273E-04  0.5475511E+02  0.5575719E+02
 -0.6339939E+02  0.1470052E+03  0.1983643E-03  0.5461729E+02  0.5563800E+02
 -0.6299923E+02  0.1470053E+03  0.2899170E-03  0.5448251E+02  0.5552219E+02
 -0.6259908E+02  0.1470053E+03  0.2899170E-03  0.5434761E+02  0.5540646E+02
 -0.6219892E+02  0.1470054E+03  0.3967285E-03  0.5421197E+02  0.5529012E+02
 -0.6179877E+02  0.1470055E+03  0.4882813E-03  0.5407565E+02  0.5517326E+02
 -0.6139862E+02  0.1470056E+03  0.5950928E-03  0.5394050E+02  0.5505782E+02
 -0.6099846E+02  0.1470057E+03  0.7019043E-03  0.5380389E+02  0.5494102E+02
 -0.6059831E+02  0.1470058E+03  0.7934570E-03  0.5366396E+02  0.5482094E+02
 -0.6019815E+02  0.1470059E+03  0.9002686E-03  0.5352752E+02  0.5470476E+02
 -0.5979800E+02  0.1470060E+03  0.9918213E-03  0.5338842E+02  0.5458596E+02
 -0.5939784E+02  0.1470061E+03  0.1098633E-02  0.5324831E+02  0.5446632E+02
 -0.5899769E+02  0.1470063E+03  0.1296997E-02  0.5310951E+02  0.5434824E+02
 -0.5859753E+02  0.1470064E+03  0.1388550E-02  0.5297104E+02  0.5423077E+02
 -0.5819738E+02  0.1470066E+03  0.1602173E-02  0.5283074E+02  0.5411148E+02
 -0.5779722E+02  0.1470068E+03  0.1800537E-02  0.5269151E+02  0.5399355E+02
 -0.5739706E+02  0.1470070E+03  0.1998901E-02  0.5254822E+02  0.5387148E+02
 -0.5699691E+02  0.1470073E+03  0.2288818E-02  0.5240973E+02  0.5375470E+02
 -0.5659675E+02  0.1470075E+03  0.2502441E-02  0.5227202E+02  0.5363890E+02
 -0.5619659E+02  0.1470078E+03  0.2792358E-02  0.5213182E+02  0.5352053E+02
 -0.5579643E+02  0.1470081E+03  0.3097534E-02  0.5199247E+02  0.5340322E+02
 -0.5539628E+02  0.1470085E+03  0.3494263E-02  0.5184857E+02  0.5328123E+02
 -0.5499612E+02  0.1470088E+03  0.3799439E-02  0.5170848E+02  0.5316341E+02
 -0.5459596E+02  0.1470092E+03  0.4196167E-02  0.5156515E+02  0.5304230E+02
 -0.5419580E+02  0.1470097E+03  0.4699707E-02  0.5142078E+02  0.5292020E+02
 -0.5379564E+02  0.1470101E+03  0.5096436E-02  0.5127665E+02  0.5279855E+02
 -0.5339548E+02  0.1470106E+03  0.5599976E-02  0.5113447E+02  0.5267905E+02
 -0.5299531E+02  0.1470111E+03  0.6088257E-02  0.5099199E+02  0.5255941E+02
 -0.5259515E+02  0.1470117E+03  0.6698608E-02  0.5084797E+02  0.5243819E+02
 -0.5219499E+02  0.1470123E+03  0.7293701E-02  0.5070254E+02  0.5231563E+02
 -0.5179482E+02  0.1470129E+03  0.7888794E-02  0.5055540E+02  0.5219128E+02
 -0.5139466E+02  0.1470136E+03  0.8590698E-02  0.5040906E+02  0.5206796E+02
 -0.5099449E+02  0.1470143E+03  0.9292603E-02  0.5026046E+02  0.5194227E+02
 -0.5059432E+02  0.1470151E+03  0.1010132E-01  0.5011586E+02  0.5182103E+02
 -0.5019415E+02  0.1470159E+03  0.1089478E-01  0.4996661E+02  0.5169479E+02
 -0.4979398E+02  0.1470168E+03  0.1179504E-01  0.4982192E+02  0.5157356E+02
 -0.4939381E+02  0.1470178E+03  0.1280212E-01  0.4967432E+02  0.5144923E+02
 -0.4899364E+02  0.1470188E+03  0.1379395E-01  0.4952772E+02  0.5132602E+02
 -0.4859346E+02  0.1470198E+03  0.1480103E-01  0.4938089E+02  0.5120266E+02
 -0.4819329E+02  0.1470210E+03  0.1599121E-01  0.4923188E+02  0.5107694E+02
 -0.4779311E+02  0.1470223E+03  0.1728821E-01  0.4907817E+02  0.5094626E+02
 -0.4739293E+02  0.1470237E+03  0.1869202E-01  0.4892850E+02  0.5081997E+02
 -0.4699275E+02  0.1470252E+03  0.2020264E-01  0.4877530E+02  0.5068995E+02
 -0.4659256E+02  0.1470270E+03  0.2198792E-01  0.4862219E+02  0.5056006E+02
 -0.4619238E+02  0.1470289E+03  0.2389526E-01  0.4846889E+02  0.5043005E+02
 -0.4579219E+02  0.1470312E+03  0.2619934E-01  0.4831469E+02  0.5029910E+02
 -0.4539199E+02  0.1470339E+03  0.2890015E-01  0.4815774E+02  0.5016525E+02
 -0.4499179E+02  0.1470371E+03  0.3208923E-01  0.4800019E+02  0.5003079E+02
 -0.4459159E+02  0.1470409E+03  0.3588867E-01  0.4784224E+02  0.4989595E+02
 -0.4419138E+02  0.1470454E+03  0.4039002E-01  0.4768379E+02  0.4976061E+02
 -0.4379116E+02  0.1470503E+03  0.4528809E-01  0.4752370E+02  0.4962353E+02
 -0.4339093E+02  0.1470554E+03  0.5039978E-01  0.4736120E+02  0.4948381E+02
 -0.4299070E+02  0.1470601E+03  0.5509949E-01  0.4719856E+02  0.4934398E+02
 -0.4259046E+02  0.1470641E+03  0.5909729E-01  0.4703510E+02  0.4920322E+02
 -0.4219022E+02  0.1470671E+03  0.6208801E-01  0.4686921E+02  0.4905975E+02
 -0.4178998E+02  0.1470686E+03  0.6359863E-01  0.4670302E+02  0.4891587E+02
 -0.4138975E+02  0.1470675E+03  0.6250000E-01  0.4653474E+02  0.4876957E+02
 -0.4098952E+02  0.1470629E+03  0.5789185E-01  0.4636557E+02  0.4862213E+02
 -0.4058931E+02  0.1470543E+03  0.4930115E-01  0.4619580E+02  0.4847386E+02
 -0.4018911E+02  0.1470413E+03  0.3630066E-01  0.4602344E+02  0.4832248E+02
 -0.3978895E+02  0.1470226E+03  0.1759338E-01  0.4585001E+02  0.4816965E+02
 -0.3938882E+02  0.1469992E+03 -0.5798340E-02  0.4567474E+02  0.4801453E+02
 -0.3898873E+02  0.1469745E+03 -0.3050232E-01  0.4549848E+02  0.4785788E+02
 -0.3858867E+02  0.1469504E+03 -0.5461121E-01  0.4532058E+02  0.4769906E+02
 -0.3818863E+02  0.1469267E+03 -0.7830811E-01  0.4514031E+02  0.4753718E+02
 -0.3778864E+02  0.1469028E+03 -0.1022034E+00  0.4495932E+02  0.4737410E+02
 -0.3738867E+02  0.1468785E+03 -0.1265106E+00  0.4477633E+02  0.4720827E+02
 -0.3698874E+02  0.1468542E+03 -0.1508026E+00  0.4459114E+02  0.4703946E+02
 -0.3658884E+02  0.1468303E+03 -0.1746979E+00  0.4440352E+02  0.4686736E+02
 -0.3618897E+02  0.1468069E+03 -0.1981049E+00  0.4421204E+02  0.4669035E+02
 -0.3578914E+02  0.1467839E+03 -0.2210999E+00  0.4402054E+02  0.4651265E+02
 -0.3538933E+02  0.1467615E+03 -0.2434998E+00  0.4382425E+02  0.4632885E+02
 -0.3498955E+02  0.1467404E+03 -0.2646027E+00  0.4362776E+02  0.4614412E+02
 -0.3458980E+02  0.1467207E+03 -0.2843018E+00  0.4342600E+02  0.4595260E+02
 -0.3419007E+02  0.1467027E+03 -0.3023071E+00  0.4322238E+02  0.4575815E+02
 -0.3379036E+02  0.1466862E+03 -0.3188019E+00  0.4301347E+02  0.4555684E+02
 -0.3339067E+02  0.1466713E+03 -0.3337097E+00  0.4280140E+02  0.4535096E+02
 -0.3299100E+02  0.1466574E+03 -0.3476105E+00  0.4258633E+02  0.4514074E+02
 -0.3259134E+02  0.1466445E+03 -0.3605042E+00  0.4236577E+02  0.4492318E+02
 -0.3219171E+02  0.1466323E+03 -0.3727112E+00  0.4214086E+02  0.4469958E+02
 -0.3179208E+02  0.1466206E+03 -0.3843994E+00  0.4191212E+02  0.4447051E+02
 -0.3139248E+02  0.1466095E+03 -0.3955078E+00  0.4167715E+02  0.4423312E+02
 -0.3099288E+02  0.1465991E+03 -0.4058991E+00  0.4143636E+02  0.4398781E+02
 -0.3059330E+02  0.1465894E+03 -0.4156036E+00  0.4119136E+02  0.4373646E+02
 -0.3019373E+02  0.1465803E+03 -0.4246979E+00  0.4094153E+02  0.4347828E+02
 -0.2979418E+02  0.1465714E+03 -0.4336090E+00  0.4068791E+02  0.4321442E+02
 -0.2939463E+02  0.1465627E+03 -0.4423065E+00  0.4043217E+02  0.4294691E+02
 -0.2899510E+02  0.1465539E+03 -0.4511108E+00  0.4017546E+02  0.4267706E+02
 -0.2859558E+02  0.1465447E+03 -0.4603119E+00  0.3991929E+02  0.4240672E+02
 -0.2819607E+02  0.1465351E+03 -0.4699097E+00  0.3966498E+02  0.4213753E+02
 -0.2779658E+02  0.1465252E+03 -0.4797974E+00  0.3941309E+02  0.4187014E+02
 -0.2739710E+02  0.1465149E+03 -0.4901123E+00  0.3916361E+02  0.4160467E+02
 -0.2699764E+02  0.1465036E+03 -0.5014038E+00  0.3891650E+02  0.4134108E+02
 -0.2659819E+02  0.1464913E+03 -0.5137024E+00  0.3867178E+02  0.4107935E+02
 -0.2619877E+02  0.1464778E+03 -0.5272064E+00  0.3842938E+02  0.4081950E+02
 -0.2579936E+02  0.1464631E+03 -0.5419006E+00  0.3818936E+02  0.4056154E+02
 -0.2539998E+02  0.1464479E+03 -0.5570984E+00  0.3795175E+02  0.4030550E+02
 -0.2500062E+02  0.1464326E+03 -0.5724030E+00  0.3771658E+02  0.4005141E+02
 -0.2460127E+02  0.1464174E+03 -0.5876007E+00  0.3748392E+02  0.3979930E+02
 -0.2420195E+02  0.1464021E+03 -0.6029053E+00  0.3725382E+02  0.3954923E+02
 -0.2380265E+02  0.1463869E+03 -0.6181030E+00  0.3702637E+02  0.3930125E+02
 -0.2340337E+02  0.1463718E+03 -0.6332092E+00  0.3680167E+02  0.3905544E+02
 -0.2300411E+02  0.1463569E+03 -0.6481018E+00  0.3657983E+02  0.3881191E+02
 -0.2260487E+02  0.1463418E+03 -0.6632080E+00  0.3636102E+02  0.3857074E+02
 -0.2220565E+02  0.1463260E+03 -0.6790009E+00  0.3614529E+02  0.3833207E+02
 -0.2180646E+02  0.1463093E+03 -0.6957092E+00  0.3593286E+02  0.3809600E+02
 -0.2140729E+02  0.1462922E+03 -0.7127991E+00  0.3572376E+02  0.3786265E+02
 -0.2100814E+02  0.1462747E+03 -0.7303009E+00  0.3551816E+02  0.3763213E+02
 -0.2060902E+02  0.1462573E+03 -0.7477112E+00  0.3531616E+02  0.3740458E+02
 -0.2020992E+02  0.1462400E+03 -0.7649994E+00  0.3511783E+02  0.3718010E+02
 -0.1981084E+02  0.1462232E+03 -0.7817993E+00  0.3492328E+02  0.3695881E+02
 -0.1941179E+02  0.1462071E+03 -0.7978973E+00  0.3473257E+02  0.3674081E+02
 -0.1901275E+02  0.1461916E+03 -0.8134003E+00  0.3454572E+02  0.3652621E+02
 -0.1861374E+02  0.1461763E+03 -0.8287048E+00  0.3436279E+02  0.3631507E+02
 -0.1821475E+02  0.1461615E+03 -0.8435059E+00  0.3418375E+02  0.3610745E+02
 -0.1781577E+02  0.1461473E+03 -0.8577118E+00  0.3400855E+02  0.3590339E+02
 -0.1741682E+02  0.1461335E+03 -0.8715057E+00  0.3383722E+02  0.3570294E+02
 -0.1701788E+02  0.1461199E+03 -0.8851013E+00  0.3366968E+02  0.3550612E+02
 -0.1661896E+02  0.1461064E+03 -0.8986054E+00  0.3350586E+02  0.3531295E+02
 -0.1622006E+02  0.1460931E+03 -0.9119110E+00  0.3334576E+02  0.3512344E+02
 -0.1582118E+02  0.1460797E+03 -0.9253082E+00  0.3318933E+02  0.3493765E+02
 -0.1542231E+02  0.1460659E+03 -0.9391022E+00  0.3303650E+02  0.3475554E+02
 -0.1502347E+02  0.1460517E+03 -0.9533081E+00  0.3288724E+02  0.3457713E+02
 -0.1462464E+02  0.1460375E+03 -0.9674988E+00  0.3274143E+02  0.3440240E+02
 -0.1422584E+02  0.1460236E+03 -0.9813995E+00  0.3259906E+02  0.3423134E+02
 -0.1382705E+02  0.1460102E+03 -0.9948120E+00  0.3246002E+02  0.3406395E+02
 -0.1342828E+02  0.1459973E+03 -0.1007706E+01  0.3232431E+02  0.3390023E+02
 -0.1302952E+02  0.1459843E+03 -0.1020706E+01  0.3219193E+02  0.3374022E+02
 -0.1263079E+02  0.1459705E+03 -0.1034500E+01  0.3206293E+02  0.3358397E+02
 -0.1223208E+02  0.1459560E+03 -0.1049011E+01  0.3193735E+02  0.3343153E+02
 -0.1183339E+02  0.1459413E+03 -0.1063705E+01  0.3181525E+02  0.3328300E+02
 -0.1143471E+02  0.1459262E+03 -0.1078812E+01  0.3169668E+02  0.3313843E+02
 -0.1103606E+02  0.1459105E+03 -0.1094498E+01  0.3158176E+02  0.3299792E+02
 -0.1063744E+02  0.1458939E+03 -0.1111099E+01  0.3147052E+02  0.3286156E+02
 -0.1023883E+02  0.1458767E+03 -0.1128311E+01  0.3136304E+02  0.3272943E+02
 -0.9840256E+01  0.1458589E+03 -0.1146103E+01  0.3125940E+02  0.3260165E+02
 -0.9441703E+01  0.1458408E+03 -0.1164200E+01  0.3115967E+02  0.3247830E+02
 -0.9043174E+01  0.1458226E+03 -0.1182404E+01  0.3106394E+02  0.3235947E+02
 -0.8644670E+01  0.1458049E+03 -0.1200104E+01  0.3097226E+02  0.3224528E+02
 -0.8246187E+01  0.1457882E+03 -0.1216812E+01  0.3088464E+02  0.3213580E+02
 -0.7847725E+01  0.1457724E+03 -0.1232605E+01  0.3080115E+02  0.3203110E+02
 -0.7449284E+01  0.1457570E+03 -0.1248001E+01  0.3072183E+02  0.3193124E+02
 -0.7050864E+01  0.1457418E+03 -0.1263199E+01  0.3064667E+02  0.3183629E+02
 -0.6652465E+01  0.1457267E+03 -0.1278305E+01  0.3057571E+02  0.3174629E+02
 -0.6254085E+01  0.1457121E+03 -0.1292908E+01  0.3050890E+02  0.3166127E+02
 -0.5855723E+01  0.1456981E+03 -0.1306900E+01  0.3044625E+02  0.3158126E+02
 -0.5457379E+01  0.1456849E+03 -0.1320099E+01  0.3038771E+02  0.3150627E+02
 -0.5059053E+01  0.1456723E+03 -0.1332703E+01  0.3033323E+02  0.3143628E+02
 -0.4660743E+01  0.1456596E+03 -0.1345398E+01  0.3028277E+02  0.3137128E+02
 -0.4262451E+01  0.1456470E+03 -0.1358002E+01  0.3023628E+02  0.3131125E+02
 -0.3864176E+01  0.1456345E+03 -0.1370499E+01  0.3019369E+02  0.3125615E+02
 -0.3465917E+01  0.1456224E+03 -0.1382599E+01  0.3015495E+02  0.3120594E+02
 -0.3067674E+01  0.1456104E+03 -0.1394608E+01  0.3012001E+02  0.3116061E+02
 -0.2669448E+01  0.1455983E+03 -0.1406708E+01  0.3008884E+02  0.3112013E+02
 -0.2271240E+01  0.1455856E+03 -0.1419403E+01  0.3006140E+02  0.3108449E+02
 -0.1873050E+01  0.1455726E+03 -0.1432404E+01  0.3003766E+02  0.3105366E+02
 -0.1474877E+01  0.1455600E+03 -0.1445007E+01  0.3001760E+02  0.3102764E+02
 -0.1076720E+01  0.1455475E+03 -0.1457504E+01  0.3000119E+02  0.3100640E+02
 -0.6785820E+00  0.1455347E+03 -0.1470306E+01  0.2998844E+02  0.3099000E+02
 -0.2804623E+00  0.1455214E+03 -0.1483612E+01  0.2997934E+02  0.3097838E+02
  0.1176380E+00  0.1455074E+03 -0.1497604E+01  0.2997393E+02  0.3097165E+02
  0.5157184E+00  0.1454931E+03 -0.1511902E+01  0.2997222E+02  0.3096980E+02
  0.9137791E+00  0.1454787E+03 -0.1526306E+01  0.2997426E+02  0.3097287E+02
  0.1311820E+01  0.1454641E+03 -0.1540909E+01  0.2998010E+02  0.3098092E+02
  0.1709839E+01  0.1454489E+03 -0.1556107E+01  0.2998988E+02  0.3099410E+02
  0.2107837E+01  0.1454333E+03 -0.1571701E+01  0.3000359E+02  0.3101237E+02
  0.2505814E+01  0.1454179E+03 -0.1587112E+01  0.3002140E+02  0.3103590E+02
  0.2903769E+01  0.1454025E+03 -0.1602509E+01  0.3004322E+02  0.3106453E+02
  0.3301703E+01  0.1453868E+03 -0.1618210E+01  0.3006931E+02  0.3109862E+02
  0.3699615E+01  0.1453708E+03 -0.1634201E+01  0.3009958E+02  0.3113798E+02
  0.4097506E+01  0.1453549E+03 -0.1650101E+01  0.3013404E+02  0.3118262E+02
  0.4495374E+01  0.1453390E+03 -0.1666000E+01  0.3017274E+02  0.3123257E+02
  0.4893221E+01  0.1453229E+03 -0.1682098E+01  0.3021572E+02  0.3128790E+02
  0.5291045E+01  0.1453068E+03 -0.1698212E+01  0.3026292E+02  0.3134847E+02
  0.5688849E+01  0.1452913E+03 -0.1713699E+01  0.3031427E+02  0.3141419E+02
  0.6086633E+01  0.1452766E+03 -0.1728409E+01  0.3036978E+02  0.3148505E+02
  0.6484398E+01  0.1452624E+03 -0.1742600E+01  0.3042938E+02  0.3156094E+02
  0.6882144E+01  0.1452485E+03 -0.1756500E+01  0.3049305E+02  0.3164182E+02
  0.7279871E+01  0.1452346E+03 -0.1770401E+01  0.3056065E+02  0.3172743E+02
  0.7677580E+01  0.1452208E+03 -0.1784210E+01  0.3063211E+02  0.3181766E+02
  0.8075269E+01  0.1452071E+03 -0.1797897E+01  0.3070748E+02  0.3191259E+02
  0.8472940E+01  0.1451934E+03 -0.1811600E+01  0.3078661E+02  0.3201198E+02
  0.8870593E+01  0.1451801E+03 -0.1824905E+01  0.3086947E+02  0.3211577E+02
  0.9268228E+01  0.1451672E+03 -0.1837799E+01  0.3095597E+02  0.3222386E+02
  0.9665846E+01  0.1451545E+03 -0.1850510E+01  0.3104610E+02  0.3233628E+02
  0.1006345E+02  0.1451416E+03 -0.1863403E+01  0.3113969E+02  0.3245262E+02
  0.1046103E+02  0.1451286E+03 -0.1876404E+01  0.3123683E+02  0.3257312E+02
  0.1085859E+02  0.1451155E+03 -0.1889511E+01  0.3133743E+02  0.3269762E+02
  0.1125614E+02  0.1451024E+03 -0.1902603E+01  0.3144140E+02  0.3282594E+02
  0.1165367E+02  0.1450891E+03 -0.1915909E+01  0.3154881E+02  0.3295814E+02
  0.1205118E+02  0.1450753E+03 -0.1929703E+01  0.3165977E+02  0.3309440E+02
  0.1244867E+02  0.1450612E+03 -0.1943802E+01  0.3177413E+02  0.3323447E+02
  0.1284614E+02  0.1450468E+03 -0.1958206E+01  0.3189204E+02  0.3337855E+02
  0.1324359E+02  0.1450323E+03 -0.1972702E+01  0.3201344E+02  0.3352651E+02
  0.1364101E+02  0.1450179E+03 -0.1987106E+01  0.3213845E+02  0.3367849E+02
  0.1403843E+02  0.1450036E+03 -0.2001404E+01  0.3226712E+02  0.3383449E+02
  0.1443582E+02  0.1449892E+03 -0.2015808E+01  0.3239946E+02  0.3399446E+02
  0.1483319E+02  0.1449743E+03 -0.2030701E+01  0.3253561E+02  0.3415850E+02
  0.1523053E+02  0.1449589E+03 -0.2046112E+01  0.3267563E+02  0.3432674E+02
  0.1562786E+02  0.1449432E+03 -0.2061798E+01  0.3281947E+02  0.3449895E+02
  0.1602517E+02  0.1449277E+03 -0.2077301E+01  0.3296724E+02  0.3467529E+02
  0.1642245E+02  0.1449122E+03 -0.2092804E+01  0.3311893E+02  0.3485566E+02
  0.1681971E+02  0.1448969E+03 -0.2108109E+01  0.3327459E+02  0.3504010E+02
  0.1721696E+02  0.1448820E+03 -0.2123001E+01  0.3343416E+02  0.3522845E+02
  0.1761418E+02  0.1448676E+03 -0.2137405E+01  0.3359760E+02  0.3542059E+02
  0.1801139E+02  0.1448536E+03 -0.2151398E+01  0.3376495E+02  0.3561657E+02
  0.1840857E+02  0.1448400E+03 -0.2165009E+01  0.3393612E+02  0.3581622E+02
  0.1880574E+02  0.1448264E+03 -0.2178604E+01  0.3411105E+02  0.3601943E+02
  0.1920289E+02  0.1448124E+03 -0.2192612E+01  0.3428970E+02  0.3622607E+02
  0.1960002E+02  0.1447983E+03 -0.2206711E+01  0.3447197E+02  0.3643609E+02
  0.1999713E+02  0.1447844E+03 -0.2220612E+01  0.3465771E+02  0.3664925E+02
  0.2039422E+02  0.1447711E+03 -0.2233902E+01  0.3484691E+02  0.3686546E+02
  0.2079130E+02  0.1447585E+03 -0.2246506E+01  0.3503944E+02  0.3708460E+02
  0.2118835E+02  0.1447461E+03 -0.2258911E+01  0.3523525E+02  0.3730658E+02
  0.2158539E+02  0.1447333E+03 -0.2271698E+01  0.3543420E+02  0.3753122E+02
  0.2198242E+02  0.1447201E+03 -0.2284912E+01  0.3563632E+02  0.3775847E+02
  0.2237942E+02  0.1447071E+03 -0.2297897E+01  0.3584140E+02  0.3798817E+02
  0.2277641E+02  0.1446944E+03 -0.2310608E+01  0.3604946E+02  0.3822030E+02
  0.2317338E+02  0.1446819E+03 -0.2323105E+01  0.3626053E+02  0.3845487E+02
  0.2357033E+02  0.1446692E+03 -0.2335800E+01  0.3647446E+02  0.3869172E+02
  0.2396727E+02  0.1446561E+03 -0.2348908E+01  0.3669123E+02  0.3893087E+02
  0.2436418E+02  0.1446427E+03 -0.2362305E+01  0.3691094E+02  0.3917237E+02
  0.2476108E+02  0.1446288E+03 -0.2376205E+01  0.3713343E+02  0.3941605E+02
  0.2515796E+02  0.1446146E+03 -0.2390411E+01  0.3735872E+02  0.3966198E+02
  0.2555481E+02  0.1446001E+03 -0.2404907E+01  0.3758679E+02  0.3991007E+02
  0.2595165E+02  0.1445857E+03 -0.2419312E+01  0.3781757E+02  0.4016030E+02
  0.2634847E+02  0.1445713E+03 -0.2433701E+01  0.3805118E+02  0.4041277E+02
  0.2674527E+02  0.1445571E+03 -0.2447907E+01  0.3828743E+02  0.4066732E+02
  0.2714204E+02  0.1445430E+03 -0.2462006E+01  0.3852651E+02  0.4092407E+02
  0.2753880E+02  0.1445291E+03 -0.2475906E+01  0.3876828E+02  0.4118292E+02
  0.2793554E+02  0.1445151E+03 -0.2489899E+01  0.3901275E+02  0.4144381E+02
  0.2833227E+02  0.1445012E+03 -0.2503799E+01  0.3925990E+02  0.4170678E+02
  0.2872897E+02  0.1444876E+03 -0.2517410E+01  0.3950977E+02  0.4197180E+02
  0.2912565E+02  0.1444741E+03 -0.2530899E+01  0.3976225E+02  0.4223874E+02
  0.2952232E+02  0.1444603E+03 -0.2544708E+01  0.4001692E+02  0.4250711E+02
  0.2991896E+02  0.1444458E+03 -0.2559204E+01  0.4027288E+02  0.4277576E+02
  0.3031559E+02  0.1444308E+03 -0.2574204E+01  0.4052828E+02  0.4304251E+02
  0.3071219E+02  0.1444156E+03 -0.2589401E+01  0.4078241E+02  0.4330660E+02
  0.3110877E+02  0.1444004E+03 -0.2604599E+01  0.4103355E+02  0.4356595E+02
  0.3150534E+02  0.1443857E+03 -0.2619309E+01  0.4128026E+02  0.4381897E+02
  0.3190188E+02  0.1443716E+03 -0.2633408E+01  0.4152284E+02  0.4406607E+02
  0.3229841E+02  0.1443583E+03 -0.2646698E+01  0.4175964E+02  0.4430539E+02
  0.3269491E+02  0.1443452E+03 -0.2659805E+01  0.4199024E+02  0.4453659E+02
  0.3309140E+02  0.1443317E+03 -0.2673309E+01  0.4221625E+02  0.4476156E+02
  0.3348787E+02  0.1443178E+03 -0.2687210E+01  0.4243723E+02  0.4497986E+02
  0.3388432E+02  0.1443043E+03 -0.2700699E+01  0.4265404E+02  0.4519264E+02
  0.3428076E+02  0.1442916E+03 -0.2713409E+01  0.4286635E+02  0.4539947E+02
  0.3467718E+02  0.1442793E+03 -0.2725708E+01  0.4307323E+02  0.4559944E+02
  0.3507358E+02  0.1442666E+03 -0.2738403E+01  0.4327744E+02  0.4579571E+02
  0.3546996E+02  0.1442532E+03 -0.2751801E+01  0.4347772E+02  0.4598681E+02
  0.3586632E+02  0.1442388E+03 -0.2766205E+01  0.4367521E+02  0.4617418E+02
  0.3626266E+02  0.1442238E+03 -0.2781204E+01  0.4386859E+02  0.4635632E+02
  0.3665898E+02  0.1442086E+03 -0.2796402E+01  0.4405909E+02  0.4653465E+02
  0.3705527E+02  0.1441929E+03 -0.2812103E+01  0.4424826E+02  0.4671093E+02
  0.3745155E+02  0.1441768E+03 -0.2828201E+01  0.4443530E+02  0.4688438E+02
  0.3784780E+02  0.1441614E+03 -0.2843597E+01  0.4461821E+02  0.4705274E+02
  0.3824404E+02  0.1441485E+03 -0.2856506E+01  0.4480063E+02  0.4722015E+02
  0.3864027E+02  0.1441395E+03 -0.2865509E+01  0.4498062E+02  0.4738447E+02
  0.3903650E+02  0.1441347E+03 -0.2870300E+01  0.4515782E+02  0.4754535E+02
  0.3943272E+02  0.1441338E+03 -0.2871201E+01  0.4533390E+02  0.4770468E+02
  0.3982896E+02  0.1441371E+03 -0.2867905E+01  0.4550961E+02  0.4786326E+02
  0.4022521E+02  0.1441453E+03 -0.2859711E+01  0.4568069E+02  0.4801647E+02
  0.4062147E+02  0.1441565E+03 -0.2848511E+01  0.4585133E+02  0.4816893E+02
  0.4101775E+02  0.1441672E+03 -0.2837799E+01  0.4602072E+02  0.4831974E+02
  0.4141404E+02  0.1441758E+03 -0.2829208E+01  0.4618652E+02  0.4846629E+02
  0.4181034E+02  0.1441826E+03 -0.2822403E+01  0.4635304E+02  0.4861344E+02
  0.4220664E+02  0.1441877E+03 -0.2817307E+01  0.4651927E+02  0.4875998E+02
  0.4260295E+02  0.1441912E+03 -0.2813812E+01  0.4668434E+02  0.4890506E+02
  0.4299926E+02  0.1441932E+03 -0.2811798E+01  0.4684839E+02  0.4904879E+02
  0.4339557E+02  0.1441936E+03 -0.2811401E+01  0.4701149E+02  0.4919122E+02
  0.4379187E+02  0.1441927E+03 -0.2812302E+01  0.4717197E+02  0.4933058E+02
  0.4418817E+02  0.1441905E+03 -0.2814499E+01  0.4733162E+02  0.4946880E+02
  0.4458447E+02  0.1441873E+03 -0.2817703E+01  0.4749241E+02  0.4960812E+02
  0.4498076E+02  0.1441835E+03 -0.2821503E+01  0.4765021E+02  0.4974399E+02
  0.4537705E+02  0.1441793E+03 -0.2825699E+01  0.4780881E+02  0.4988058E+02
  0.4577333E+02  0.1441750E+03 -0.2830002E+01  0.4796724E+02  0.5001683E+02
  0.4616960E+02  0.1441708E+03 -0.2834198E+01  0.4812099E+02  0.5014785E+02
  0.4656587E+02  0.1441667E+03 -0.2838303E+01  0.4827421E+02  0.5027821E+02
  0.4696214E+02  0.1441628E+03 -0.2842209E+01  0.4842530E+02  0.5040610E+02
  0.4735839E+02  0.1441590E+03 -0.2846008E+01  0.4857868E+02  0.5053647E+02
  0.4775465E+02  0.1441554E+03 -0.2849609E+01  0.4872881E+02  0.5066330E+02
  0.4815090E+02  0.1441520E+03 -0.2853012E+01  0.4888067E+02  0.5079195E+02
  0.4854714E+02  0.1441490E+03 -0.2856003E+01  0.4903074E+02  0.5091876E+02
  0.4894338E+02  0.1441466E+03 -0.2858398E+01  0.4917892E+02  0.5104353E+02
  0.4933963E+02  0.1441447E+03 -0.2860306E+01  0.4932681E+02  0.5116811E+02
  0.4973586E+02  0.1441435E+03 -0.2861511E+01  0.4947468E+02  0.5129277E+02
  0.5013210E+02  0.1441426E+03 -0.2862412E+01  0.4962009E+02  0.5141487E+02
  0.5052834E+02  0.1441423E+03 -0.2862701E+01  0.4976704E+02  0.5153879E+02
  0.5092458E+02  0.1441425E+03 -0.2862503E+01  0.4991258E+02  0.5166138E+02
  0.5132082E+02  0.1441435E+03 -0.2861511E+01  0.5005736E+02  0.5178331E+02
  0.5171706E+02  0.1441448E+03 -0.2860199E+01  0.5019999E+02  0.5190312E+02
  0.5211331E+02  0.1441461E+03 -0.2858902E+01  0.5034338E+02  0.5202395E+02
  0.5250955E+02  0.1441472E+03 -0.2857803E+01  0.5048609E+02  0.5214429E+02
  0.5290580E+02  0.1441479E+03 -0.2857101E+01  0.5062900E+02  0.5226505E+02
  0.5330204E+02  0.1441484E+03 -0.2856598E+01  0.5077123E+02  0.5238537E+02
  0.5369829E+02  0.1441486E+03 -0.2856400E+01  0.5091235E+02  0.5250472E+02
  0.5409454E+02  0.1441489E+03 -0.2856110E+01  0.5105094E+02  0.5262157E+02
  0.5449079E+02  0.1441491E+03 -0.2855911E+01  0.5118691E+02  0.5273587E+02
  0.5488703E+02  0.1441491E+03 -0.2855911E+01  0.5132323E+02  0.5285077E+02
  0.5528328E+02  0.1441490E+03 -0.2856003E+01  0.5146190E+02  0.5296840E+02
  0.5567953E+02  0.1441485E+03 -0.2856506E+01  0.5159949E+02  0.5308515E+02
  0.5607577E+02  0.1441477E+03 -0.2857300E+01  0.5173618E+02  0.5320107E+02
  0.5647201E+02  0.1441468E+03 -0.2858200E+01  0.5187301E+02  0.5331739E+02
  0.5686826E+02  0.1441460E+03 -0.2859009E+01  0.5200905E+02  0.5343300E+02
  0.5726450E+02  0.1441455E+03 -0.2859512E+01  0.5214427E+02  0.5354796E+02
  0.5766074E+02  0.1441451E+03 -0.2859909E+01  0.5228120E+02  0.5366493E+02
  0.5805698E+02  0.1441450E+03 -0.2860001E+01  0.5241725E+02  0.5378111E+02
  0.5845323E+02  0.1441452E+03 -0.2859802E+01  0.5255351E+02  0.5389768E+02
  0.5884947E+02  0.1441458E+03 -0.2859207E+01  0.5268965E+02  0.5401427E+02
  0.5924571E+02  0.1441466E+03 -0.2858398E+01  0.5282522E+02  0.5413040E+02
  0.5964196E+02  0.1441475E+03 -0.2857498E+01  0.5295822E+02  0.5424394E+02
  0.6003821E+02  0.1441485E+03 -0.2856506E+01  0.5309193E+02  0.5435830E+02
  0.6043445E+02  0.1441494E+03 -0.2855606E+01  0.5322509E+02  0.5447221E+02
  0.6083070E+02  0.1441500E+03 -0.2855011E+01  0.5335919E+02  0.5458727E+02
  0.6122695E+02  0.1441503E+03 -0.2854706E+01  0.5349241E+02  0.5470146E+02
  0.6162320E+02  0.1441503E+03 -0.2854706E+01  0.5362520E+02  0.5481529E+02
  0.6201945E+02  0.1441500E+03 -0.2855011E+01  0.5375809E+02  0.5492930E+02
  0.6241570E+02  0.1441498E+03 -0.2855209E+01  0.5389259E+02  0.5504513E+02
  0.6281195E+02  0.1441497E+03 -0.2855301E+01  0.5402500E+02  0.5515886E+02
  0.6320819E+02  0.1441496E+03 -0.2855408E+01  0.5415896E+02  0.5527432E+02
  0.6360444E+02  0.1441497E+03 -0.2855301E+01  0.5429076E+02  0.5538763E+02
  0.6400069E+02  0.1441499E+03 -0.2855103E+01  0.5442440E+02  0.5550296E+02
  0.6439694E+02  0.1441502E+03 -0.2854797E+01  0.5455833E+02  0.5561877E+02
  0.6479319E+02  0.1441506E+03 -0.2854401E+01  0.5468984E+02  0.5573215E+02
  0.6518944E+02  0.1441510E+03 -0.2854004E+01  0.5482324E+02  0.5584768E+02
  0.6558569E+02  0.1441512E+03 -0.2853806E+01  0.5495575E+02  0.5596241E+02
  0.6598194E+02  0.1441511E+03 -0.2853912E+01  0.5509116E+02  0.5608038E+02
  0.6637819E+02  0.1441508E+03 -0.2854202E+01  0.5522392E+02  0.5619577E+02
  0.6677444E+02  0.1441503E+03 -0.2854706E+01  0.5535729E+02  0.5631199E+02
  0.6717069E+02  0.1441500E+03 -0.2855011E+01  0.5549070E+02  0.5642849E+02
  0.6756694E+02  0.1441498E+03 -0.2855209E+01  0.5562534E+02  0.5654651E+02
  0.6796318E+02  0.1441498E+03 -0.2855209E+01  0.5575883E+02  0.5666362E+02
  0.6835943E+02  0.1441501E+03 -0.2854904E+01  0.5589109E+02  0.5677970E+02
  0.6875568E+02  0.1441505E+03 -0.2854507E+01  0.5602270E+02  0.5689538E+02
  0.6915193E+02  0.1441509E+03 -0.2854111E+01  0.5615963E+02  0.5701688E+02
  0.6954818E+02  0.1441514E+03 -0.2853607E+01  0.5629332E+02  0.5713530E+02
  0.6994444E+02  0.1441519E+03 -0.2853104E+01  0.5642625E+02  0.5725318E+02
  0.7034069E+02  0.1441521E+03 -0.2852905E+01  0.5655903E+02  0.5737120E+02
  0.7073694E+02  0.1441520E+03 -0.2853012E+01  0.5669056E+02  0.5748821E+02
  0.7113319E+02  0.1441517E+03 -0.2853302E+01  0.5681992E+02  0.5760326E+02
  0.7152944E+02  0.1441513E+03 -0.2853699E+01  0.5694857E+02  0.5771787E+02
  0.7192569E+02  0.1441509E+03 -0.2854111E+01  0.5707695E+02  0.5783248E+02
  0.7232194E+02  0.1441507E+03 -0.2854309E+01  0.5720500E+02  0.5794703E+02
  0.7271819E+02  0.1441507E+03 -0.2854309E+01  0.5733068E+02  0.5805936E+02
  0.7311444E+02  0.1441509E+03 -0.2854111E+01  0.5745659E+02  0.5817225E+02
  0.7351069E+02  0.1441512E+03 -0.2853806E+01  0.5758315E+02  0.5828608E+02
  0.7390694E+02  0.1441519E+03 -0.2853104E+01  0.5770933E+02  0.5839980E+02
  0.7430319E+02  0.1441527E+03 -0.2852310E+01  0.5783532E+02  0.5851362E+02
  0.7469945E+02  0.1441535E+03 -0.2851502E+01  0.5796023E+02  0.5862660E+02
  0.7509570E+02  0.1441542E+03 -0.2850800E+01  0.5808450E+02  0.5873918E+02
  0.7549196E+02  0.1441546E+03 -0.2850403E+01  0.5820891E+02  0.5885221E+02
  0.7588821E+02  0.1441548E+03 -0.2850205E+01  0.5833164E+02  0.5896373E+02
  0.7628447E+02  0.1441549E+03 -0.2850098E+01  0.5845618E+02  0.5907737E+02
  0.7668072E+02  0.1441551E+03 -0.2849899E+01  0.5857818E+02  0.5918865E+02
  0.7707698E+02  0.1441559E+03 -0.2849106E+01  0.5870084E+02  0.5930084E+02
  0.7747324E+02  0.1441573E+03 -0.2847702E+01  0.5882298E+02  0.5941275E+02
  0.7786951E+02  0.1441595E+03 -0.2845505E+01  0.5894473E+02  0.5952450E+02
  0.7826577E+02  0.1441624E+03 -0.2842606E+01  0.5906461E+02  0.5963458E+02
  0.7866205E+02  0.1441660E+03 -0.2839005E+01  0.5918395E+02  0.5974433E+02
  0.7905833E+02  0.1441700E+03 -0.2835007E+01  0.5930516E+02  0.5985626E+02
  0.7945461E+02  0.1441742E+03 -0.2830811E+01  0.5942794E+02  0.5996999E+02
  0.7985090E+02  0.1441785E+03 -0.2826508E+01  0.5954782E+02  0.6008095E+02
  0.8024720E+02  0.1441828E+03 -0.2822205E+01  0.5966810E+02  0.6019253E+02
  0.8064350E+02  0.1441872E+03 -0.2817810E+01  0.5978810E+02  0.6030401E+02
  0.8103981E+02  0.1441916E+03 -0.2813400E+01  0.5990799E+02  0.6041558E+02
  0.8143612E+02  0.1441959E+03 -0.2809097E+01  0.6002720E+02  0.6052666E+02
  0.8183244E+02  0.1442000E+03 -0.2805008E+01  0.6014993E+02  0.6064155E+02
  0.8222877E+02  0.1442037E+03 -0.2801300E+01  0.6027192E+02  0.6075595E+02
  0.8262510E+02  0.1442068E+03 -0.2798203E+01  0.6039806E+02  0.6087487E+02
  0.8302143E+02  0.1442096E+03 -0.2795410E+01  0.6052361E+02  0.6099349E+02
  0.8341776E+02  0.1442119E+03 -0.2793106E+01  0.6064780E+02  0.6111108E+02
  0.8381410E+02  0.1442136E+03 -0.2791412E+01  0.6077239E+02  0.6122944E+02
  0.8421044E+02  0.1442147E+03 -0.2790299E+01  0.6089613E+02  0.6134737E+02
  0.8460678E+02  0.1442151E+03 -0.2789902E+01  0.6102462E+02  0.6147057E+02
  0.8500311E+02  0.1442147E+03 -0.2790299E+01  0.6114882E+02  0.6158985E+02
  0.8539945E+02  0.1442133E+03 -0.2791702E+01  0.6127145E+02  0.6170801E+02
  0.8579578E+02  0.1442108E+03 -0.2794205E+01  0.6139259E+02  0.6182512E+02
  0.8619211E+02  0.1442078E+03 -0.2797211E+01  0.6151459E+02  0.6194360E+02
  0.8658843E+02  0.1442047E+03 -0.2800308E+01  0.6163263E+02  0.6205855E+02
  0.8698474E+02  0.1442018E+03 -0.2803207E+01  0.6174993E+02  0.6217326E+02
  0.8738106E+02  0.1441992E+03 -0.2805801E+01  0.6186237E+02  0.6228357E+02
  0.8777737E+02  0.1441974E+03 -0.2807602E+01  0.6197543E+02  0.6239504E+02
  0.8817368E+02  0.1441965E+03 -0.2808502E+01  0.6208586E+02  0.6250440E+02
  0.8857000E+02  0.1441965E+03 -0.2808502E+01  0.6219314E+02  0.6261116E+02
  0.8896631E+02  0.1441971E+03 -0.2807907E+01  0.6229879E+02  0.6271683E+02
  0.8936263E+02  0.1441983E+03 -0.2806702E+01  0.6240390E+02  0.6282254E+02
  0.8975895E+02  0.1441998E+03 -0.2805206E+01  0.6250835E+02  0.6292823E+02
  0.9015527E+02  0.1442018E+03 -0.2803207E+01  0.6261048E+02  0.6303223E+02
  0.9055159E+02  0.1442040E+03 -0.2801010E+01  0.6271281E+02  0.6313717E+02
  0.9094792E+02  0.1442065E+03 -0.2798508E+01  0.6280890E+02  0.6323659E+02
  0.9134425E+02  0.1442087E+03 -0.2796310E+01  0.6291027E+02  0.6334200E+02
  0.9174058E+02  0.1442107E+03 -0.2794312E+01  0.6300450E+02  0.6344116E+02
  0.9213692E+02  0.1442122E+03 -0.2792801E+01  0.6310132E+02  0.6354371E+02
  0.9253325E+02  0.1442132E+03 -0.2791809E+01  0.6319489E+02  0.6364399E+02
  0.9292959E+02  0.1442133E+03 -0.2791702E+01  0.6328044E+02  0.6373737E+02
  0.9332592E+02  0.1442127E+03 -0.2792297E+01  0.6337175E+02  0.6383744E+02
  0.9372226E+02  0.1442115E+03 -0.2793503E+01  0.6345512E+02  0.6393086E+02
  0.9411859E+02  0.1442100E+03 -0.2794998E+01  0.6353869E+02  0.6402567E+02
