 -0.6449981E+02  0.9187800E+03  0.0000000E+00  0.5502840E+02  0.5599370E+02
 -0.6399962E+02  0.9187801E+03  0.6103516E-04  0.5486030E+02  0.5584865E+02
 -0.6349943E+02  0.9187802E+03  0.1831055E-03  0.5468663E+02  0.5569803E+02
 -0.6299923E+02  0.9187803E+03  0.2441406E-03  0.5451615E+02  0.5555106E+02
 -0.6249904E+02  0.9187803E+03  0.2441406E-03  0.5434401E+02  0.5540262E+02
 -0.6199885E+02  0.9187804E+03  0.3662109E-03  0.5417624E+02  0.5525908E+02
 -0.6149866E+02  0.9187805E+03  0.4882813E-03  0.5400664E+02  0.5511387E+02
 -0.6099847E+02  0.9187806E+03  0.5493164E-03  0.5383672E+02  0.5496860E+02
 -0.6049828E+02  0.9187807E+03  0.6713867E-03  0.5366732E+02  0.5482416E+02
 -0.5999808E+02  0.9187808E+03  0.7934570E-03  0.5349705E+02  0.5467905E+02
 -0.5949789E+02  0.9187809E+03  0.8544922E-03  0.5332623E+02  0.5453363E+02
 -0.5899770E+02  0.9187810E+03  0.9765625E-03  0.5315230E+02  0.5438518E+02
 -0.5849751E+02  0.9187811E+03  0.1098633E-02  0.5297870E+02  0.5423739E+02
 -0.5799732E+02  0.9187812E+03  0.1159668E-02  0.5280362E+02  0.5408830E+02
 -0.5749713E+02  0.9187814E+03  0.1342773E-02  0.5262977E+02  0.5394076E+02
 -0.5699693E+02  0.9187815E+03  0.1464844E-02  0.5245478E+02  0.5379233E+02
 -0.5649674E+02  0.9187816E+03  0.1586914E-02  0.5228089E+02  0.5364524E+02
 -0.5599655E+02  0.9187818E+03  0.1770020E-02  0.5210449E+02  0.5349582E+02
 -0.5549636E+02  0.9187820E+03  0.1953125E-02  0.5192706E+02  0.5334550E+02
 -0.5499617E+02  0.9187822E+03  0.2197266E-02  0.5174867E+02  0.5319448E+02
 -0.5449597E+02  0.9187824E+03  0.2380371E-02  0.5156964E+02  0.5304302E+02
 -0.5399578E+02  0.9187826E+03  0.2563477E-02  0.5138738E+02  0.5288834E+02
 -0.5349559E+02  0.9187829E+03  0.2868652E-02  0.5120857E+02  0.5273758E+02
 -0.5299540E+02  0.9187832E+03  0.3173828E-02  0.5103091E+02  0.5258830E+02
 -0.5249521E+02  0.9187835E+03  0.3479004E-02  0.5085231E+02  0.5243818E+02
 -0.5199501E+02  0.9187838E+03  0.3784180E-02  0.5067244E+02  0.5228694E+02
 -0.5149482E+02  0.9187842E+03  0.4150391E-02  0.5048834E+02  0.5213139E+02
 -0.5099463E+02  0.9187846E+03  0.4577637E-02  0.5030707E+02  0.5197901E+02
 -0.5049444E+02  0.9187850E+03  0.4943848E-02  0.5012724E+02  0.5182842E+02
 -0.4999424E+02  0.9187856E+03  0.5554199E-02  0.4994258E+02  0.5167274E+02
 -0.4949405E+02  0.9187861E+03  0.6042481E-02  0.4975584E+02  0.5151501E+02
 -0.4899386E+02  0.9187868E+03  0.6774902E-02  0.4957050E+02  0.5135899E+02
 -0.4849366E+02  0.9187875E+03  0.7446289E-02  0.4938501E+02  0.5120287E+02
 -0.4799347E+02  0.9187883E+03  0.8300781E-02  0.4919702E+02  0.5104420E+02
 -0.4749327E+02  0.9187892E+03  0.9155273E-02  0.4900704E+02  0.5088350E+02
 -0.4699308E+02  0.9187903E+03  0.1025391E-01  0.4881649E+02  0.5072227E+02
 -0.4649289E+02  0.9187915E+03  0.1147461E-01  0.4862540E+02  0.5056049E+02
 -0.4599269E+02  0.9187928E+03  0.1275635E-01  0.4843348E+02  0.5039793E+02
 -0.4549249E+02  0.9187944E+03  0.1434326E-01  0.4823812E+02  0.5023164E+02
 -0.4499230E+02  0.9187963E+03  0.1629639E-01  0.4804147E+02  0.5006400E+02
 -0.4449210E+02  0.9187984E+03  0.1837158E-01  0.4784353E+02  0.4989494E+02
 -0.4399190E+02  0.9188009E+03  0.2087402E-01  0.4764541E+02  0.4972565E+02
 -0.4349171E+02  0.9188039E+03  0.2386475E-01  0.4744601E+02  0.4955489E+02
 -0.4299151E+02  0.9188075E+03  0.2746582E-01  0.4724373E+02  0.4938094E+02
 -0.4249131E+02  0.9188117E+03  0.3167725E-01  0.4703958E+02  0.4920478E+02
 -0.4199110E+02  0.9188162E+03  0.3619385E-01  0.4683166E+02  0.4902436E+02
 -0.4149090E+02  0.9188205E+03  0.4046631E-01  0.4662482E+02  0.4884492E+02
 -0.4099070E+02  0.9188236E+03  0.4357910E-01  0.4641431E+02  0.4866122E+02
 -0.4049049E+02  0.9188241E+03  0.4406738E-01  0.4620339E+02  0.4847675E+02
 -0.3999029E+02  0.9188199E+03  0.3985596E-01  0.4598823E+02  0.4828732E+02
 -0.3949010E+02  0.9188089E+03  0.2886963E-01  0.4577140E+02  0.4809561E+02
 -0.3898990E+02  0.9187945E+03  0.1446533E-01  0.4555291E+02  0.4790163E+02
 -0.3848971E+02  0.9187808E+03  0.7934570E-03  0.4532975E+02  0.4770193E+02
 -0.3798953E+02  0.9187667E+03 -0.1330566E-01  0.4510493E+02  0.4749985E+02
 -0.3748935E+02  0.9187514E+03 -0.2862549E-01  0.4487545E+02  0.4729191E+02
 -0.3698917E+02  0.9187345E+03 -0.4553223E-01  0.4464430E+02  0.4708144E+02
 -0.3648900E+02  0.9187163E+03 -0.6372070E-01  0.4441031E+02  0.4686703E+02
 -0.3598883E+02  0.9186970E+03 -0.8300781E-01  0.4417146E+02  0.4664633E+02
 -0.3548867E+02  0.9186769E+03 -0.1031494E+00  0.4392966E+02  0.4642153E+02
 -0.3498852E+02  0.9186560E+03 -0.1240234E+00  0.4368224E+02  0.4618941E+02
 -0.3448837E+02  0.9186341E+03 -0.1459351E+00  0.4343090E+02  0.4595187E+02
 -0.3398823E+02  0.9186108E+03 -0.1692505E+00  0.4317292E+02  0.4570576E+02
 -0.3348809E+02  0.9185861E+03 -0.1939087E+00  0.4290913E+02  0.4545186E+02
 -0.3298796E+02  0.9185605E+03 -0.2195435E+00  0.4263968E+02  0.4519032E+02
 -0.3248784E+02  0.9185344E+03 -0.2456055E+00  0.4236296E+02  0.4491917E+02
 -0.3198773E+02  0.9185082E+03 -0.2718506E+00  0.4207760E+02  0.4463668E+02
 -0.3148762E+02  0.9184821E+03 -0.2979126E+00  0.4178388E+02  0.4434300E+02
 -0.3098752E+02  0.9184559E+03 -0.3241577E+00  0.4148164E+02  0.4403785E+02
 -0.3048743E+02  0.9184295E+03 -0.3505249E+00  0.4117184E+02  0.4372214E+02
 -0.2998734E+02  0.9184028E+03 -0.3772583E+00  0.4085505E+02  0.4339644E+02
 -0.2948727E+02  0.9183754E+03 -0.4046021E+00  0.4053267E+02  0.4306216E+02
 -0.2898720E+02  0.9183474E+03 -0.4326172E+00  0.4020764E+02  0.4272279E+02
 -0.2848713E+02  0.9183188E+03 -0.4612427E+00  0.3988267E+02  0.4238141E+02
 -0.2798708E+02  0.9182895E+03 -0.4905396E+00  0.3956070E+02  0.4204153E+02
 -0.2748703E+02  0.9182597E+03 -0.5203247E+00  0.3924307E+02  0.4170481E+02
 -0.2698700E+02  0.9182294E+03 -0.5506592E+00  0.3892993E+02  0.4137145E+02
 -0.2648697E+02  0.9181985E+03 -0.5815430E+00  0.3862140E+02  0.4104150E+02
 -0.2598695E+02  0.9181672E+03 -0.6128540E+00  0.3831747E+02  0.4071508E+02
 -0.2548694E+02  0.9181357E+03 -0.6443481E+00  0.3801825E+02  0.4039227E+02
 -0.2498693E+02  0.9181041E+03 -0.6759033E+00  0.3772379E+02  0.4007313E+02
 -0.2448694E+02  0.9180726E+03 -0.7074585E+00  0.3743414E+02  0.3975776E+02
 -0.2398695E+02  0.9180411E+03 -0.7389526E+00  0.3714932E+02  0.3944626E+02
 -0.2348698E+02  0.9180097E+03 -0.7703247E+00  0.3686945E+02  0.3913871E+02
 -0.2298701E+02  0.9179786E+03 -0.8014526E+00  0.3659451E+02  0.3883520E+02
 -0.2248705E+02  0.9179479E+03 -0.8321533E+00  0.3632462E+02  0.3853582E+02
 -0.2198709E+02  0.9179173E+03 -0.8627319E+00  0.3605975E+02  0.3824067E+02
 -0.2148715E+02  0.9178866E+03 -0.8934326E+00  0.3580005E+02  0.3794985E+02
 -0.2098721E+02  0.9178554E+03 -0.9246216E+00  0.3554547E+02  0.3766346E+02
 -0.2048729E+02  0.9178238E+03 -0.9562378E+00  0.3529611E+02  0.3738158E+02
 -0.1998737E+02  0.9177922E+03 -0.9878540E+00  0.3505200E+02  0.3710432E+02
 -0.1948746E+02  0.9177610E+03 -0.1019043E+01  0.3481317E+02  0.3683178E+02
 -0.1898756E+02  0.9177303E+03 -0.1049744E+01  0.3457968E+02  0.3656406E+02
 -0.1848766E+02  0.9177000E+03 -0.1080017E+01  0.3435159E+02  0.3630128E+02
 -0.1798778E+02  0.9176700E+03 -0.1110046E+01  0.3412888E+02  0.3604351E+02
 -0.1748790E+02  0.9176401E+03 -0.1139954E+01  0.3391165E+02  0.3579088E+02
 -0.1698803E+02  0.9176104E+03 -0.1169617E+01  0.3369989E+02  0.3554349E+02
 -0.1648817E+02  0.9175808E+03 -0.1199219E+01  0.3349365E+02  0.3530143E+02
 -0.1598832E+02  0.9175514E+03 -0.1228638E+01  0.3329297E+02  0.3506483E+02
 -0.1548848E+02  0.9175219E+03 -0.1258118E+01  0.3309790E+02  0.3483378E+02
 -0.1498864E+02  0.9174920E+03 -0.1288025E+01  0.3290845E+02  0.3460840E+02
 -0.1448881E+02  0.9174618E+03 -0.1318237E+01  0.3272464E+02  0.3438878E+02
 -0.1398899E+02  0.9174313E+03 -0.1348755E+01  0.3254657E+02  0.3417504E+02
 -0.1348918E+02  0.9174009E+03 -0.1379150E+01  0.3237421E+02  0.3396729E+02
 -0.1298938E+02  0.9173709E+03 -0.1409119E+01  0.3220758E+02  0.3376562E+02
 -0.1248958E+02  0.9173413E+03 -0.1438721E+01  0.3204675E+02  0.3357015E+02
 -0.1198979E+02  0.9173124E+03 -0.1467651E+01  0.3189172E+02  0.3338098E+02
 -0.1149001E+02  0.9172839E+03 -0.1496155E+01  0.3174253E+02  0.3319821E+02
 -0.1099024E+02  0.9172558E+03 -0.1524231E+01  0.3159918E+02  0.3302195E+02
 -0.1049047E+02  0.9172279E+03 -0.1552124E+01  0.3146170E+02  0.3285229E+02
 -0.9990717E+01  0.9172001E+03 -0.1579956E+01  0.3133014E+02  0.3268932E+02
 -0.9490967E+01  0.9171721E+03 -0.1607910E+01  0.3120453E+02  0.3253316E+02
 -0.8991225E+01  0.9171440E+03 -0.1636047E+01  0.3108484E+02  0.3238390E+02
 -0.8491491E+01  0.9171155E+03 -0.1664551E+01  0.3097116E+02  0.3224162E+02
 -0.7991765E+01  0.9170869E+03 -0.1693115E+01  0.3086346E+02  0.3210641E+02
 -0.7492046E+01  0.9170584E+03 -0.1721619E+01  0.3076175E+02  0.3197836E+02
 -0.6992335E+01  0.9170301E+03 -0.1749939E+01  0.3066611E+02  0.3185756E+02
 -0.6492631E+01  0.9170020E+03 -0.1778015E+01  0.3057648E+02  0.3174408E+02
 -0.5992936E+01  0.9169741E+03 -0.1805908E+01  0.3049292E+02  0.3163801E+02
 -0.5493247E+01  0.9169463E+03 -0.1833740E+01  0.3041543E+02  0.3153940E+02
 -0.4993567E+01  0.9169187E+03 -0.1861328E+01  0.3034404E+02  0.3144835E+02
 -0.4493894E+01  0.9168910E+03 -0.1889038E+01  0.3027875E+02  0.3136490E+02
 -0.3994228E+01  0.9168631E+03 -0.1916931E+01  0.3021957E+02  0.3128913E+02
 -0.3494570E+01  0.9168349E+03 -0.1945129E+01  0.3016654E+02  0.3122108E+02
 -0.2994920E+01  0.9168063E+03 -0.1973755E+01  0.3011965E+02  0.3116083E+02
 -0.2495278E+01  0.9167775E+03 -0.2002502E+01  0.3007893E+02  0.3110840E+02
 -0.1995644E+01  0.9167484E+03 -0.2031616E+01  0.3004438E+02  0.3106387E+02
 -0.1496018E+01  0.9167192E+03 -0.2060852E+01  0.3001602E+02  0.3102725E+02
 -0.9963997E+00  0.9166902E+03 -0.2089844E+01  0.2999386E+02  0.3099859E+02
 -0.4967892E+00  0.9166615E+03 -0.2118530E+01  0.2997790E+02  0.3097792E+02
  0.2813649E-02  0.9166332E+03 -0.2146851E+01  0.2996816E+02  0.3096524E+02
  0.5024089E+00  0.9166052E+03 -0.2174805E+01  0.2996463E+02  0.3096059E+02
  0.1001997E+01  0.9165774E+03 -0.2202637E+01  0.2996733E+02  0.3096396E+02
  0.1501577E+01  0.9165497E+03 -0.2230347E+01  0.2997625E+02  0.3097538E+02
  0.2001149E+01  0.9165222E+03 -0.2257813E+01  0.2999140E+02  0.3099481E+02
  0.2500715E+01  0.9164947E+03 -0.2285339E+01  0.3001278E+02  0.3102227E+02
  0.3000272E+01  0.9164671E+03 -0.2312927E+01  0.3004039E+02  0.3105774E+02
  0.3499822E+01  0.9164393E+03 -0.2340759E+01  0.3007422E+02  0.3110119E+02
  0.3999365E+01  0.9164113E+03 -0.2368713E+01  0.3011429E+02  0.3115260E+02
  0.4498899E+01  0.9163832E+03 -0.2396851E+01  0.3016057E+02  0.3121194E+02
  0.4998427E+01  0.9163552E+03 -0.2424805E+01  0.3021306E+02  0.3127917E+02
  0.5497946E+01  0.9163272E+03 -0.2452820E+01  0.3027177E+02  0.3135424E+02
  0.5997458E+01  0.9162994E+03 -0.2480652E+01  0.3033668E+02  0.3143712E+02
  0.6496962E+01  0.9162716E+03 -0.2508423E+01  0.3040779E+02  0.3152774E+02
  0.6996459E+01  0.9162439E+03 -0.2536133E+01  0.3048508E+02  0.3162605E+02
  0.7495948E+01  0.9162162E+03 -0.2563843E+01  0.3056854E+02  0.3173198E+02
  0.7995430E+01  0.9161883E+03 -0.2591736E+01  0.3065820E+02  0.3184546E+02
  0.8494904E+01  0.9161605E+03 -0.2619507E+01  0.3075400E+02  0.3196641E+02
  0.8994371E+01  0.9161327E+03 -0.2647339E+01  0.3085593E+02  0.3209477E+02
  0.9493829E+01  0.9161047E+03 -0.2675354E+01  0.3096399E+02  0.3223043E+02
  0.9993281E+01  0.9160768E+03 -0.2703247E+01  0.3107813E+02  0.3237333E+02
  0.1049272E+02  0.9160490E+03 -0.2731018E+01  0.3119839E+02  0.3252336E+02
  0.1099216E+02  0.9160215E+03 -0.2758545E+01  0.3132471E+02  0.3268042E+02
  0.1149159E+02  0.9159943E+03 -0.2785706E+01  0.3145706E+02  0.3284443E+02
  0.1199101E+02  0.9159672E+03 -0.2812805E+01  0.3159543E+02  0.3301527E+02
  0.1249042E+02  0.9159402E+03 -0.2839844E+01  0.3173978E+02  0.3319284E+02
  0.1298983E+02  0.9159131E+03 -0.2866943E+01  0.3189011E+02  0.3337703E+02
  0.1348923E+02  0.9158859E+03 -0.2894104E+01  0.3204636E+02  0.3356774E+02
  0.1398862E+02  0.9158590E+03 -0.2921021E+01  0.3220850E+02  0.3376484E+02
  0.1448801E+02  0.9158322E+03 -0.2947815E+01  0.3237653E+02  0.3396822E+02
  0.1498738E+02  0.9158055E+03 -0.2974548E+01  0.3255039E+02  0.3417776E+02
  0.1548676E+02  0.9157786E+03 -0.3001404E+01  0.3273004E+02  0.3439335E+02
  0.1598612E+02  0.9157514E+03 -0.3028626E+01  0.3291544E+02  0.3461486E+02
  0.1648547E+02  0.9157240E+03 -0.3056030E+01  0.3310654E+02  0.3484218E+02
  0.1698482E+02  0.9156962E+03 -0.3083801E+01  0.3330331E+02  0.3507518E+02
  0.1748416E+02  0.9156680E+03 -0.3112000E+01  0.3350574E+02  0.3531376E+02
  0.1798349E+02  0.9156397E+03 -0.3140320E+01  0.3371372E+02  0.3555777E+02
  0.1848282E+02  0.9156115E+03 -0.3168518E+01  0.3392722E+02  0.3580711E+02
  0.1898213E+02  0.9155835E+03 -0.3196533E+01  0.3414621E+02  0.3606166E+02
  0.1948144E+02  0.9155558E+03 -0.3224243E+01  0.3437064E+02  0.3632129E+02
  0.1998074E+02  0.9155281E+03 -0.3251953E+01  0.3460043E+02  0.3658589E+02
  0.2048004E+02  0.9155003E+03 -0.3279724E+01  0.3483557E+02  0.3685534E+02
  0.2097932E+02  0.9154720E+03 -0.3308044E+01  0.3507599E+02  0.3712954E+02
  0.2147860E+02  0.9154433E+03 -0.3336731E+01  0.3532163E+02  0.3740834E+02
  0.2197787E+02  0.9154147E+03 -0.3365356E+01  0.3557242E+02  0.3769165E+02
  0.2247714E+02  0.9153864E+03 -0.3393616E+01  0.3582835E+02  0.3797935E+02
  0.2297639E+02  0.9153583E+03 -0.3421753E+01  0.3608929E+02  0.3827131E+02
  0.2347564E+02  0.9153303E+03 -0.3449707E+01  0.3635522E+02  0.3856746E+02
  0.2397488E+02  0.9153023E+03 -0.3477722E+01  0.3662613E+02  0.3886771E+02
  0.2447411E+02  0.9152741E+03 -0.3505920E+01  0.3690194E+02  0.3917193E+02
  0.2497334E+02  0.9152457E+03 -0.3534302E+01  0.3718255E+02  0.3948002E+02
  0.2547255E+02  0.9152171E+03 -0.3562927E+01  0.3746790E+02  0.3979186E+02
  0.2597176E+02  0.9151886E+03 -0.3591431E+01  0.3775795E+02  0.4010737E+02
  0.2647096E+02  0.9151602E+03 -0.3619812E+01  0.3805261E+02  0.4042640E+02
  0.2697016E+02  0.9151316E+03 -0.3648438E+01  0.3835167E+02  0.4074873E+02
  0.2746934E+02  0.9151024E+03 -0.3677612E+01  0.3865519E+02  0.4107437E+02
  0.2796852E+02  0.9150728E+03 -0.3707214E+01  0.3896300E+02  0.4140318E+02
  0.2846769E+02  0.9150433E+03 -0.3736755E+01  0.3927487E+02  0.4173481E+02
  0.2896685E+02  0.9150143E+03 -0.3765747E+01  0.3959074E+02  0.4206920E+02
  0.2946600E+02  0.9149855E+03 -0.3794556E+01  0.3991071E+02  0.4240651E+02
  0.2996515E+02  0.9149567E+03 -0.3823303E+01  0.4023410E+02  0.4274591E+02
  0.3046429E+02  0.9149275E+03 -0.3852539E+01  0.4055983E+02  0.4308615E+02
  0.3096342E+02  0.9148983E+03 -0.3881714E+01  0.4088602E+02  0.4342498E+02
  0.3146254E+02  0.9148694E+03 -0.3910645E+01  0.4120854E+02  0.4375762E+02
  0.3196165E+02  0.9148410E+03 -0.3939026E+01  0.4152335E+02  0.4407937E+02
  0.3246076E+02  0.9148128E+03 -0.3967224E+01  0.4182924E+02  0.4438906E+02
  0.3295986E+02  0.9147847E+03 -0.3995300E+01  0.4212554E+02  0.4468600E+02
  0.3345895E+02  0.9147563E+03 -0.4023743E+01  0.4241196E+02  0.4497009E+02
  0.3395803E+02  0.9147277E+03 -0.4052307E+01  0.4268751E+02  0.4524028E+02
  0.3445711E+02  0.9146990E+03 -0.4081055E+01  0.4295460E+02  0.4549955E+02
  0.3495617E+02  0.9146705E+03 -0.4109558E+01  0.4321475E+02  0.4574978E+02
  0.3545523E+02  0.9146419E+03 -0.4138123E+01  0.4346929E+02  0.4599250E+02
  0.3595429E+02  0.9146130E+03 -0.4167053E+01  0.4371804E+02  0.4622765E+02
  0.3645333E+02  0.9145834E+03 -0.4196655E+01  0.4396293E+02  0.4645746E+02
  0.3695236E+02  0.9145526E+03 -0.4227417E+01  0.4420616E+02  0.4668456E+02
  0.3745139E+02  0.9145206E+03 -0.4259399E+01  0.4444252E+02  0.4690305E+02
  0.3795041E+02  0.9144874E+03 -0.4292603E+01  0.4467729E+02  0.4711901E+02
  0.3844942E+02  0.9144534E+03 -0.4326599E+01  0.4490565E+02  0.4732703E+02
  0.3894841E+02  0.9144197E+03 -0.4360352E+01  0.4512887E+02  0.4752869E+02
  0.3944740E+02  0.9143881E+03 -0.4391907E+01  0.4535144E+02  0.4772900E+02
  0.3994639E+02  0.9143608E+03 -0.4419251E+01  0.4557044E+02  0.4792479E+02
  0.4044537E+02  0.9143403E+03 -0.4439758E+01  0.4578677E+02  0.4811710E+02
  0.4094434E+02  0.9143237E+03 -0.4456299E+01  0.4600232E+02  0.4830817E+02
  0.4144331E+02  0.9143069E+03 -0.4473145E+01  0.4621371E+02  0.4849426E+02
  0.4194228E+02  0.9142904E+03 -0.4489624E+01  0.4642490E+02  0.4867977E+02
  0.4244124E+02  0.9142747E+03 -0.4505310E+01  0.4663214E+02  0.4886068E+02
  0.4294020E+02  0.9142602E+03 -0.4519836E+01  0.4683680E+02  0.4903851E+02
  0.4343915E+02  0.9142470E+03 -0.4533020E+01  0.4704085E+02  0.4921547E+02
  0.4393810E+02  0.9142349E+03 -0.4545105E+01  0.4724179E+02  0.4938889E+02
  0.4443705E+02  0.9142241E+03 -0.4555908E+01  0.4744123E+02  0.4956047E+02
  0.4493600E+02  0.9142143E+03 -0.4565735E+01  0.4763996E+02  0.4973125E+02
  0.4543494E+02  0.9142055E+03 -0.4574524E+01  0.4783588E+02  0.4989887E+02
  0.4593388E+02  0.9141977E+03 -0.4582336E+01  0.4803156E+02  0.5006617E+02
  0.4643282E+02  0.9141906E+03 -0.4589417E+01  0.4822555E+02  0.5023162E+02
  0.4693176E+02  0.9141844E+03 -0.4595642E+01  0.4841518E+02  0.5039235E+02
  0.4743070E+02  0.9141788E+03 -0.4601257E+01  0.4860641E+02  0.5055483E+02
  0.4792963E+02  0.9141738E+03 -0.4606201E+01  0.4879639E+02  0.5071602E+02
  0.4842857E+02  0.9141694E+03 -0.4610657E+01  0.4898552E+02  0.5087635E+02
  0.4892750E+02  0.9141655E+03 -0.4614502E+01  0.4917242E+02  0.5103437E+02
  0.4942643E+02  0.9141620E+03 -0.4618042E+01  0.4935663E+02  0.5118958E+02
  0.4992536E+02  0.9141590E+03 -0.4621033E+01  0.4954362E+02  0.5134792E+02
  0.5042429E+02  0.9141563E+03 -0.4623718E+01  0.4972524E+02  0.5150061E+02
  0.5092322E+02  0.9141540E+03 -0.4626038E+01  0.4990615E+02  0.5165265E+02
  0.5142215E+02  0.9141519E+03 -0.4628113E+01  0.5008887E+02  0.5180678E+02
  0.5192108E+02  0.9141502E+03 -0.4629822E+01  0.5027134E+02  0.5196085E+02
  0.5242001E+02  0.9141487E+03 -0.4631348E+01  0.5045315E+02  0.5211439E+02
  0.5291894E+02  0.9141474E+03 -0.4632629E+01  0.5063391E+02  0.5226698E+02
  0.5341787E+02  0.9141463E+03 -0.4633728E+01  0.5081503E+02  0.5242016E+02
  0.5391680E+02  0.9141454E+03 -0.4634644E+01  0.5099323E+02  0.5257044E+02
  0.5441572E+02  0.9141446E+03 -0.4635437E+01  0.5116965E+02  0.5271904E+02
  0.5491465E+02  0.9141440E+03 -0.4636047E+01  0.5134658E+02  0.5286837E+02
  0.5541358E+02  0.9141435E+03 -0.4636536E+01  0.5152137E+02  0.5301568E+02
  0.5591251E+02  0.9141431E+03 -0.4636902E+01  0.5169231E+02  0.5315912E+02
  0.5641144E+02  0.9141429E+03 -0.4637146E+01  0.5186648E+02  0.5330617E+02
  0.5691036E+02  0.9141427E+03 -0.4637329E+01  0.5203933E+02  0.5345211E+02
  0.5740929E+02  0.9141426E+03 -0.4637451E+01  0.5221117E+02  0.5359717E+02
  0.5790822E+02  0.9141427E+03 -0.4637329E+01  0.5238339E+02  0.5374292E+02
  0.5840715E+02  0.9141427E+03 -0.4637329E+01  0.5255672E+02  0.5389009E+02
  0.5890607E+02  0.9141429E+03 -0.4637146E+01  0.5272790E+02  0.5403525E+02
  0.5940500E+02  0.9141430E+03 -0.4637024E+01  0.5290154E+02  0.5418330E+02
  0.5990393E+02  0.9141433E+03 -0.4636719E+01  0.5307441E+02  0.5433077E+02
  0.6040286E+02  0.9141436E+03 -0.4636414E+01  0.5324450E+02  0.5447562E+02
  0.6090178E+02  0.9141439E+03 -0.4636108E+01  0.5341581E+02  0.5462201E+02
  0.6140071E+02  0.9141442E+03 -0.4635803E+01  0.5358441E+02  0.5476582E+02
  0.6189964E+02  0.9141446E+03 -0.4635437E+01  0.5375256E+02  0.5490942E+02
  0.6239857E+02  0.9141450E+03 -0.4635010E+01  0.5391853E+02  0.5505101E+02
  0.6289750E+02  0.9141454E+03 -0.4634644E+01  0.5408844E+02  0.5519703E+02
  0.6339642E+02  0.9141459E+03 -0.4634155E+01  0.5425650E+02  0.5534137E+02
  0.6389535E+02  0.9141463E+03 -0.4633728E+01  0.5442215E+02  0.5548347E+02
  0.6439428E+02  0.9141468E+03 -0.4633240E+01  0.5459239E+02  0.5563070E+02
  0.6489321E+02  0.9141474E+03 -0.4632629E+01  0.5475969E+02  0.5577513E+02
  0.6539214E+02  0.9141479E+03 -0.4632141E+01  0.5492751E+02  0.5592042E+02
  0.6589107E+02  0.9141485E+03 -0.4631531E+01  0.5509652E+02  0.5606727E+02
  0.6639000E+02  0.9141491E+03 -0.4630920E+01  0.5526180E+02  0.5621049E+02
  0.6688893E+02  0.9141496E+03 -0.4630432E+01  0.5542854E+02  0.5635558E+02
  0.6738786E+02  0.9141502E+03 -0.4629822E+01  0.5559396E+02  0.5649955E+02
  0.6788679E+02  0.9141508E+03 -0.4629211E+01  0.5576032E+02  0.5664483E+02
  0.6838572E+02  0.9141514E+03 -0.4628601E+01  0.5592846E+02  0.5679229E+02
  0.6888465E+02  0.9141519E+03 -0.4628113E+01  0.5609517E+02  0.5693857E+02
  0.6938358E+02  0.9141525E+03 -0.4627502E+01  0.5626219E+02  0.5708551E+02
  0.6988251E+02  0.9141531E+03 -0.4626953E+01  0.5642611E+02  0.5722951E+02
  0.7038144E+02  0.9141536E+03 -0.4626404E+01  0.5658926E+02  0.5737301E+02
  0.7088037E+02  0.9141542E+03 -0.4625855E+01  0.5675454E+02  0.5751904E+02
  0.7137930E+02  0.9141547E+03 -0.4625305E+01  0.5692172E+02  0.5766738E+02
  0.7187823E+02  0.9141552E+03 -0.4624817E+01  0.5708313E+02  0.5780999E+02
  0.7237716E+02  0.9141557E+03 -0.4624329E+01  0.5724730E+02  0.5795580E+02
  0.7287609E+02  0.9141562E+03 -0.4623840E+01  0.5741234E+02  0.5810282E+02
  0.7337502E+02  0.9141567E+03 -0.4623352E+01  0.5757804E+02  0.5825085E+02
  0.7387396E+02  0.9141571E+03 -0.4622925E+01  0.5774146E+02  0.5839681E+02
  0.7437289E+02  0.9141576E+03 -0.4622437E+01  0.5790459E+02  0.5854281E+02
  0.7487182E+02  0.9141580E+03 -0.4622009E+01  0.5806255E+02  0.5868369E+02
  0.7537075E+02  0.9141585E+03 -0.4621521E+01  0.5822694E+02  0.5883157E+02
  0.7586968E+02  0.9141589E+03 -0.4621155E+01  0.5838862E+02  0.5897694E+02
  0.7636862E+02  0.9141593E+03 -0.4620728E+01  0.5854981E+02  0.5912211E+02
  0.7686755E+02  0.9141598E+03 -0.4620239E+01  0.5870893E+02  0.5926542E+02
  0.7736648E+02  0.9141602E+03 -0.4619812E+01  0.5887289E+02  0.5941406E+02
  0.7786541E+02  0.9141606E+03 -0.4619446E+01  0.5903523E+02  0.5956134E+02
  0.7836435E+02  0.9141611E+03 -0.4618958E+01  0.5919431E+02  0.5970557E+02
  0.7886328E+02  0.9141615E+03 -0.4618530E+01  0.5935796E+02  0.5985483E+02
  0.7936221E+02  0.9141619E+03 -0.4618103E+01  0.5951796E+02  0.6000066E+02
  0.7986114E+02  0.9141623E+03 -0.4617737E+01  0.5967831E+02  0.6014716E+02
  0.8036008E+02  0.9141626E+03 -0.4617432E+01  0.5983687E+02  0.6029213E+02
  0.8085901E+02  0.9141629E+03 -0.4617127E+01  0.5999840E+02  0.6044053E+02
  0.8135794E+02  0.9141632E+03 -0.4616821E+01  0.6016034E+02  0.6058969E+02
  0.8185688E+02  0.9141635E+03 -0.4616516E+01  0.6031904E+02  0.6073583E+02
  0.8235581E+02  0.9141638E+03 -0.4616211E+01  0.6048028E+02  0.6088495E+02
  0.8285474E+02  0.9141640E+03 -0.4616028E+01  0.6064097E+02  0.6103389E+02
  0.8335368E+02  0.9141643E+03 -0.4615723E+01  0.6080216E+02  0.6118369E+02
  0.8385261E+02  0.9141645E+03 -0.4615540E+01  0.6095969E+02  0.6133011E+02
  0.8435154E+02  0.9141647E+03 -0.4615356E+01  0.6111711E+02  0.6147678E+02
  0.8485048E+02  0.9141649E+03 -0.4615112E+01  0.6127257E+02  0.6162183E+02
  0.8534941E+02  0.9141651E+03 -0.4614929E+01  0.6142876E+02  0.6176798E+02
  0.8584834E+02  0.9141654E+03 -0.4614624E+01  0.6158527E+02  0.6191487E+02
  0.8634728E+02  0.9141656E+03 -0.4614441E+01  0.6174177E+02  0.6206214E+02
  0.8684621E+02  0.9141659E+03 -0.4614136E+01  0.6189352E+02  0.6220495E+02
  0.8734515E+02  0.9141662E+03 -0.4613831E+01  0.6204716E+02  0.6235010E+02
  0.8784408E+02  0.9141665E+03 -0.4613525E+01  0.6220232E+02  0.6249720E+02
  0.8834301E+02  0.9141668E+03 -0.4613220E+01  0.6235176E+02  0.6263892E+02
  0.8884195E+02  0.9141671E+03 -0.4612915E+01  0.6249990E+02  0.6277972E+02
  0.8934088E+02  0.9141674E+03 -0.4612610E+01  0.6264990E+02  0.6292284E+02
  0.8983982E+02  0.9141677E+03 -0.4612305E+01  0.6280105E+02  0.6306762E+02
  0.9033875E+02  0.9141680E+03 -0.4612000E+01  0.6295042E+02  0.6321105E+02
  0.9083769E+02  0.9141682E+03 -0.4611816E+01  0.6309718E+02  0.6335236E+02
  0.9133662E+02  0.9141683E+03 -0.4611755E+01  0.6323908E+02  0.6348924E+02
  0.9183555E+02  0.9141685E+03 -0.4611511E+01  0.6337871E+02  0.6362436E+02
  0.9233449E+02  0.9141686E+03 -0.4611450E+01  0.6352155E+02  0.6376327E+02
  0.9283342E+02  0.9141687E+03 -0.4611328E+01  0.6366263E+02  0.6390099E+02
  0.9333236E+02  0.9141689E+03 -0.4611145E+01  0.6379948E+02  0.6403510E+02
  0.9383129E+02  0.9141690E+03 -0.4611023E+01  0.6394027E+02  0.6417387E+02
  0.9433023E+02  0.9141692E+03 -0.4610840E+01  0.6407061E+02  0.6430283E+02
  0.9482916E+02  0.9141694E+03 -0.4610657E+01  0.6419985E+02  0.6443144E+02
  0.9532810E+02  0.9141696E+03 -0.4610413E+01  0.6433656E+02  0.6456838E+02
  0.9582703E+02  0.9141698E+03 -0.4610230E+01  0.6446769E+02  0.6470071E+02
  0.9632597E+02  0.9141701E+03 -0.4609924E+01  0.6460120E+02  0.6483637E+02
  0.9682490E+02  0.9141703E+03 -0.4609741E+01  0.6472548E+02  0.6496401E+02
  0.9732384E+02  0.9141706E+03 -0.4609436E+01  0.6485332E+02  0.6509640E+02
  0.9782277E+02  0.9141709E+03 -0.4609131E+01  0.6497907E+02  0.6522815E+02
  0.9832171E+02  0.9141712E+03 -0.4608826E+01  0.6509620E+02  0.6535296E+02
  0.9882064E+02  0.9141715E+03 -0.4608521E+01  0.6520114E+02  0.6546755E+02
  0.9931958E+02  0.9141717E+03 -0.4608337E+01  0.6529556E+02  0.6557382E+02
  0.9981852E+02  0.9141720E+03 -0.4608032E+01  0.6537916E+02  0.6567173E+02
  0.1003175E+03  0.9141723E+03 -0.4607727E+01  0.6544742E+02  0.6575723E+02
  0.1008164E+03  0.9141726E+03 -0.4607422E+01  0.6549443E+02  0.6582501E+02
  0.1013153E+03  0.9141728E+03 -0.4607239E+01  0.6551835E+02  0.6587360E+02
  0.1018143E+03  0.9141730E+03 -0.4607056E+01  0.6552554E+02  0.6590969E+02
  0.1023132E+03  0.9141732E+03 -0.4606812E+01  0.6550830E+02  0.6592648E+02
  0.1028121E+03  0.9141734E+03 -0.4606628E+01  0.6544781E+02  0.6590694E+02
  0.1033111E+03  0.9141735E+03 -0.4606506E+01  0.6535210E+02  0.6585930E+02
  0.1038100E+03  0.9141735E+03 -0.4606506E+01  0.6520979E+02  0.6577385E+02
  0.1043089E+03  0.9141735E+03 -0.4606506E+01  0.6500792E+02  0.6563956E+02
  0.1048079E+03  0.9141735E+03 -0.4606506E+01  0.6473644E+02  0.6544821E+02
  0.1053068E+03  0.9141734E+03 -0.4606628E+01  0.6439610E+02  0.6520111E+02
  0.1058057E+03  0.9141734E+03 -0.4606628E+01  0.6393715E+02  0.6485426E+02
  0.1063047E+03  0.9141733E+03 -0.4606751E+01  0.6338382E+02  0.6442917E+02
  0.1068036E+03  0.9141733E+03 -0.4606751E+01  0.6269955E+02  0.6389262E+02
  0.1073026E+03  0.9141733E+03 -0.4606751E+01  0.6184938E+02  0.6321187E+02
  0.1078015E+03  0.9141734E+03 -0.4606628E+01  0.6077104E+02  0.6232728E+02
  0.1083004E+03  0.9141735E+03 -0.4606506E+01  0.5956173E+02  0.6131727E+02
  0.1087994E+03  0.9141736E+03 -0.4606445E+01  0.5811571E+02  0.6007825E+02
  0.1092983E+03  0.9141737E+03 -0.4606323E+01  0.5654520E+02  0.5869827E+02
  0.1097972E+03  0.9141739E+03 -0.4606140E+01  0.5491934E+02  0.5722991E+02
  0.1102962E+03  0.9141741E+03 -0.4605957E+01  0.5346769E+02  0.5588624E+02
  0.1107951E+03  0.9141742E+03 -0.4605835E+01  0.5244338E+02  0.5492367E+02
  0.1112940E+03  0.9141744E+03 -0.4605652E+01  0.5167275E+02  0.5419170E+02
  0.1117930E+03  0.9141746E+03 -0.4605408E+01  0.5119434E+02  0.5373839E+02
  0.1122919E+03  0.9141747E+03 -0.4605347E+01  0.5082816E+02  0.5339164E+02
  0.1127908E+03  0.9141748E+03 -0.4605225E+01  0.5060850E+02  0.5318880E+02
  0.1132898E+03  0.9141749E+03 -0.4605103E+01  0.5043041E+02  0.5302638E+02
  0.1137887E+03  0.9141750E+03 -0.4605042E+01  0.5039648E+02  0.5300858E+02
  0.1142877E+03  0.9141750E+03 -0.4605042E+01  0.5039396E+02  0.5302256E+02
  0.1147866E+03  0.9141750E+03 -0.4605042E+01  0.5029874E+02  0.5294343E+02
  0.1152855E+03  0.9141750E+03 -0.4605042E+01  0.5025751E+02  0.5291857E+02
  0.1157845E+03  0.9141750E+03 -0.4605042E+01  0.5023380E+02  0.5291159E+02
  0.1162834E+03  0.9141749E+03 -0.4605103E+01  0.5017126E+02  0.5286602E+02
  0.1167823E+03  0.9141749E+03 -0.4605103E+01  0.5017665E+02  0.5288884E+02
  0.1172813E+03  0.9141749E+03 -0.4605103E+01  0.5009141E+02  0.5282092E+02
  0.1177802E+03  0.9141749E+03 -0.4605103E+01  0.5008888E+02  0.5283609E+02
  0.1182791E+03  0.9141748E+03 -0.4605225E+01  0.5004581E+02  0.5281089E+02
  0.1187781E+03  0.9141748E+03 -0.4605225E+01  0.4998290E+02  0.5276606E+02
  0.1192770E+03  0.9141748E+03 -0.4605225E+01  0.4993002E+02  0.5273113E+02
  0.1197760E+03  0.9141749E+03 -0.4605103E+01  0.4987955E+02  0.5269875E+02
  0.1202749E+03  0.9141749E+03 -0.4605103E+01  0.4985554E+02  0.5269309E+02
  0.1207738E+03  0.9141749E+03 -0.4605103E+01  0.4978321E+02  0.5263947E+02
  0.1212728E+03  0.9141750E+03 -0.4605042E+01  0.4975666E+02  0.5263166E+02
  0.1217717E+03  0.9141750E+03 -0.4605042E+01  0.4977483E+02  0.5266899E+02
  0.1222706E+03  0.9141751E+03 -0.4604919E+01  0.4973479E+02  0.5264854E+02
  0.1227696E+03  0.9141751E+03 -0.4604919E+01  0.4973498E+02  0.5266858E+02
  0.1232685E+03  0.9141752E+03 -0.4604858E+01  0.4969545E+02  0.5264923E+02
  0.1237674E+03  0.9141753E+03 -0.4604736E+01  0.4968153E+02  0.5265556E+02
  0.1242664E+03  0.9141754E+03 -0.4604614E+01  0.4964728E+02  0.5264203E+02
  0.1247653E+03  0.9141756E+03 -0.4604431E+01  0.4956470E+02  0.5258051E+02
  0.1252643E+03  0.9141758E+03 -0.4604248E+01  0.4952931E+02  0.5256596E+02
  0.1257632E+03  0.9141760E+03 -0.4604004E+01  0.4944966E+02  0.5250752E+02
  0.1262621E+03  0.9141763E+03 -0.4603760E+01  0.4925996E+02  0.5233933E+02
  0.1267611E+03  0.9141766E+03 -0.4603455E+01  0.4916748E+02  0.5226752E+02
  0.1272600E+03  0.9141769E+03 -0.4603149E+01  0.4909104E+02  0.5221175E+02
  0.1277589E+03  0.9141772E+03 -0.4602844E+01  0.4897699E+02  0.5211834E+02
  0.1282579E+03  0.9141775E+03 -0.4602539E+01  0.4897156E+02  0.5213329E+02
  0.1287568E+03  0.9141777E+03 -0.4602356E+01  0.4890682E+02  0.5208934E+02
  0.1292558E+03  0.9141780E+03 -0.4602051E+01  0.4896180E+02  0.5216462E+02
  0.1297547E+03  0.9141783E+03 -0.4601746E+01  0.4893969E+02  0.5216374E+02
  0.1302536E+03  0.9141786E+03 -0.4601440E+01  0.4892685E+02  0.5217241E+02
  0.1307526E+03  0.9141790E+03 -0.4601013E+01  0.4887828E+02  0.5214600E+02
  0.1312515E+03  0.9141794E+03 -0.4600647E+01  0.4880484E+02  0.5209510E+02
  0.1317504E+03  0.9141799E+03 -0.4600159E+01  0.4876503E+02  0.5207746E+02
  0.1322494E+03  0.9141803E+03 -0.4599731E+01  0.4870047E+02  0.5203545E+02
  0.1327483E+03  0.9141808E+03 -0.4599243E+01  0.4865813E+02  0.5201558E+02
  0.1332473E+03  0.9141812E+03 -0.4598816E+01  0.4861160E+02  0.5199181E+02
  0.1337462E+03  0.9141816E+03 -0.4598450E+01  0.4858894E+02  0.5199190E+02
  0.1342451E+03  0.9141819E+03 -0.4598145E+01  0.4858380E+02  0.5200948E+02
  0.1347441E+03  0.9141822E+03 -0.4597839E+01  0.4853277E+02  0.5198214E+02
