 -0.6439977E+02  0.3307608E+03  0.0000000E+00  0.5502840E+02  0.5599370E+02
 -0.6379954E+02  0.3307609E+03  0.9155273E-04  0.5482479E+02  0.5581767E+02
 -0.6319931E+02  0.3307610E+03  0.1831055E-03  0.5461887E+02  0.5563964E+02
 -0.6259908E+02  0.3307611E+03  0.3051758E-03  0.5441369E+02  0.5546280E+02
 -0.6199885E+02  0.3307612E+03  0.3967285E-03  0.5421124E+02  0.5528927E+02
 -0.6139862E+02  0.3307613E+03  0.4882813E-03  0.5400646E+02  0.5511367E+02
 -0.6079839E+02  0.3307614E+03  0.6103516E-03  0.5380492E+02  0.5494190E+02
 -0.6019816E+02  0.3307615E+03  0.7019043E-03  0.5359876E+02  0.5476567E+02
 -0.5959793E+02  0.3307616E+03  0.7934570E-03  0.5339160E+02  0.5458879E+02
 -0.5899770E+02  0.3307618E+03  0.1007080E-02  0.5318446E+02  0.5441233E+02
 -0.5839747E+02  0.3307620E+03  0.1190186E-02  0.5297363E+02  0.5423246E+02
 -0.5779724E+02  0.3307622E+03  0.1403809E-02  0.5276480E+02  0.5405509E+02
 -0.5719701E+02  0.3307624E+03  0.1586914E-02  0.5255487E+02  0.5387695E+02
 -0.5659677E+02  0.3307626E+03  0.1800537E-02  0.5234344E+02  0.5369763E+02
 -0.5599654E+02  0.3307629E+03  0.2105713E-02  0.5212844E+02  0.5351497E+02
 -0.5539631E+02  0.3307632E+03  0.2410889E-02  0.5191740E+02  0.5333688E+02
 -0.5479608E+02  0.3307636E+03  0.2807617E-02  0.5170479E+02  0.5315752E+02
 -0.5419585E+02  0.3307640E+03  0.3204346E-02  0.5149121E+02  0.5297743E+02
 -0.5359561E+02  0.3307645E+03  0.3692627E-02  0.5127697E+02  0.5279696E+02
 -0.5299538E+02  0.3307651E+03  0.4302979E-02  0.5105996E+02  0.5261384E+02
 -0.5239514E+02  0.3307657E+03  0.4882813E-02  0.5084352E+02  0.5243166E+02
 -0.5179491E+02  0.3307664E+03  0.5584717E-02  0.5062700E+02  0.5224964E+02
 -0.5119467E+02  0.3307673E+03  0.6500244E-02  0.5040903E+02  0.5206631E+02
 -0.5059444E+02  0.3307682E+03  0.7385254E-02  0.5019175E+02  0.5188400E+02
 -0.4999420E+02  0.3307692E+03  0.8392334E-02  0.4996855E+02  0.5169558E+02
 -0.4939396E+02  0.3307704E+03  0.9582520E-02  0.4974679E+02  0.5150898E+02
 -0.4879372E+02  0.3307718E+03  0.1098633E-01  0.4952272E+02  0.5132010E+02
 -0.4819348E+02  0.3307734E+03  0.1260376E-01  0.4929699E+02  0.5112962E+02
 -0.4759323E+02  0.3307752E+03  0.1440430E-01  0.4907055E+02  0.5093853E+02
 -0.4699299E+02  0.3307774E+03  0.1660156E-01  0.4884599E+02  0.5074962E+02
 -0.4639274E+02  0.3307798E+03  0.1898193E-01  0.4861372E+02  0.5055239E+02
 -0.4579249E+02  0.3307827E+03  0.2191162E-01  0.4838181E+02  0.5035566E+02
 -0.4519223E+02  0.3307862E+03  0.2539063E-01  0.4814935E+02  0.5015832E+02
 -0.4459197E+02  0.3307905E+03  0.2969360E-01  0.4791408E+02  0.4995789E+02
 -0.4399171E+02  0.3307957E+03  0.3488159E-01  0.4767661E+02  0.4975504E+02
 -0.4339144E+02  0.3308025E+03  0.4168701E-01  0.4743636E+02  0.4954900E+02
 -0.4279116E+02  0.3308107E+03  0.4989624E-01  0.4719581E+02  0.4934250E+02
 -0.4219087E+02  0.3308193E+03  0.5850220E-01  0.4695445E+02  0.4913484E+02
 -0.4159058E+02  0.3308262E+03  0.6539917E-01  0.4670818E+02  0.4892153E+02
 -0.4099029E+02  0.3308286E+03  0.6781006E-01  0.4646010E+02  0.4870588E+02
 -0.4039001E+02  0.3308237E+03  0.6289673E-01  0.4620602E+02  0.4848317E+02
 -0.3978975E+02  0.3308090E+03  0.4818726E-01  0.4594994E+02  0.4825775E+02
 -0.3918951E+02  0.3307845E+03  0.2368164E-01  0.4569079E+02  0.4802837E+02
 -0.3858930E+02  0.3307553E+03 -0.5493164E-02  0.4542882E+02  0.4779519E+02
 -0.3798911E+02  0.3307244E+03 -0.3640747E-01  0.4516089E+02  0.4755466E+02
 -0.3738896E+02  0.3306902E+03 -0.7061768E-01  0.4488707E+02  0.4730671E+02
 -0.3678885E+02  0.3306534E+03 -0.1073914E+00  0.4460901E+02  0.4705318E+02
 -0.3618877E+02  0.3306150E+03 -0.1458130E+00  0.4432706E+02  0.4679430E+02
 -0.3558873E+02  0.3305757E+03 -0.1850891E+00  0.4403709E+02  0.4652537E+02
 -0.3498872E+02  0.3305355E+03 -0.2253113E+00  0.4374053E+02  0.4624775E+02
 -0.3438875E+02  0.3304944E+03 -0.2664185E+00  0.4343848E+02  0.4596263E+02
 -0.3378882E+02  0.3304525E+03 -0.3082886E+00  0.4312849E+02  0.4566697E+02
 -0.3318893E+02  0.3304101E+03 -0.3507080E+00  0.4281019E+02  0.4536018E+02
 -0.3258907E+02  0.3303684E+03 -0.3923950E+00  0.4248235E+02  0.4504063E+02
 -0.3198925E+02  0.3303286E+03 -0.4321899E+00  0.4214274E+02  0.4470549E+02
 -0.3138947E+02  0.3302906E+03 -0.4702148E+00  0.4179118E+02  0.4435424E+02
 -0.3078971E+02  0.3302532E+03 -0.5075989E+00  0.4142760E+02  0.4398651E+02
 -0.3019000E+02  0.3302165E+03 -0.5443115E+00  0.4105211E+02  0.4360211E+02
 -0.2959031E+02  0.3301808E+03 -0.5800171E+00  0.4066907E+02  0.4320588E+02
 -0.2899065E+02  0.3301465E+03 -0.6142883E+00  0.4028093E+02  0.4280047E+02
 -0.2839102E+02  0.3301141E+03 -0.6466980E+00  0.3989283E+02  0.4239195E+02
 -0.2779142E+02  0.3300835E+03 -0.6773071E+00  0.3950900E+02  0.4198534E+02
 -0.2719185E+02  0.3300540E+03 -0.7068176E+00  0.3913181E+02  0.4158350E+02
 -0.2659230E+02  0.3300253E+03 -0.7355042E+00  0.3876144E+02  0.4118677E+02
 -0.2599277E+02  0.3299971E+03 -0.7637024E+00  0.3839795E+02  0.4079525E+02
 -0.2539328E+02  0.3299694E+03 -0.7914124E+00  0.3804132E+02  0.4040905E+02
 -0.2479380E+02  0.3299430E+03 -0.8178101E+00  0.3769159E+02  0.4002827E+02
 -0.2419435E+02  0.3299181E+03 -0.8427124E+00  0.3734869E+02  0.3965298E+02
 -0.2359491E+02  0.3298939E+03 -0.8669128E+00  0.3701260E+02  0.3928325E+02
 -0.2299550E+02  0.3298701E+03 -0.8907166E+00  0.3668332E+02  0.3891918E+02
 -0.2239612E+02  0.3298463E+03 -0.9144898E+00  0.3636081E+02  0.3856084E+02
 -0.2179675E+02  0.3298224E+03 -0.9384155E+00  0.3604504E+02  0.3820831E+02
 -0.2119741E+02  0.3297979E+03 -0.9628906E+00  0.3573605E+02  0.3786171E+02
 -0.2059808E+02  0.3297727E+03 -0.9880981E+00  0.3543381E+02  0.3752114E+02
 -0.1999879E+02  0.3297468E+03 -0.1014008E+01  0.3513843E+02  0.3718673E+02
 -0.1939951E+02  0.3297204E+03 -0.1040405E+01  0.3484998E+02  0.3685864E+02
 -0.1880027E+02  0.3296937E+03 -0.1067108E+01  0.3456857E+02  0.3653709E+02
 -0.1820104E+02  0.3296668E+03 -0.1093994E+01  0.3429434E+02  0.3622221E+02
 -0.1760184E+02  0.3296397E+03 -0.1121094E+01  0.3402737E+02  0.3591421E+02
 -0.1700267E+02  0.3296122E+03 -0.1148590E+01  0.3376785E+02  0.3561330E+02
 -0.1640352E+02  0.3295839E+03 -0.1176910E+01  0.3351596E+02  0.3531971E+02
 -0.1580440E+02  0.3295551E+03 -0.1205689E+01  0.3327188E+02  0.3503373E+02
 -0.1520530E+02  0.3295264E+03 -0.1234406E+01  0.3303580E+02  0.3475560E+02
 -0.1460623E+02  0.3294977E+03 -0.1263092E+01  0.3280786E+02  0.3448562E+02
 -0.1400719E+02  0.3294690E+03 -0.1291809E+01  0.3258832E+02  0.3422405E+02
 -0.1340817E+02  0.3294398E+03 -0.1321014E+01  0.3237726E+02  0.3397117E+02
 -0.1280919E+02  0.3294099E+03 -0.1350891E+01  0.3217487E+02  0.3372724E+02
 -0.1221023E+02  0.3293791E+03 -0.1381714E+01  0.3198126E+02  0.3349251E+02
 -0.1161129E+02  0.3293480E+03 -0.1412811E+01  0.3179654E+02  0.3326723E+02
 -0.1101239E+02  0.3293168E+03 -0.1444000E+01  0.3162076E+02  0.3305163E+02
 -0.1041352E+02  0.3292848E+03 -0.1476013E+01  0.3145401E+02  0.3284592E+02
 -0.9814670E+01  0.3292526E+03 -0.1508209E+01  0.3129629E+02  0.3265031E+02
 -0.9215854E+01  0.3292206E+03 -0.1540192E+01  0.3114768E+02  0.3246495E+02
 -0.8617067E+01  0.3291890E+03 -0.1571808E+01  0.3100809E+02  0.3229000E+02
 -0.8018307E+01  0.3291578E+03 -0.1602997E+01  0.3087750E+02  0.3212557E+02
 -0.7419576E+01  0.3291269E+03 -0.1633911E+01  0.3075589E+02  0.3197178E+02
 -0.6820873E+01  0.3290960E+03 -0.1664795E+01  0.3064325E+02  0.3182874E+02
 -0.6222199E+01  0.3290644E+03 -0.1696411E+01  0.3053952E+02  0.3169653E+02
 -0.5623554E+01  0.3290322E+03 -0.1728607E+01  0.3044462E+02  0.3157519E+02
 -0.5024939E+01  0.3289999E+03 -0.1760895E+01  0.3035851E+02  0.3146478E+02
 -0.4426353E+01  0.3289682E+03 -0.1792603E+01  0.3028111E+02  0.3136531E+02
 -0.3827793E+01  0.3289376E+03 -0.1823212E+01  0.3021236E+02  0.3127681E+02
 -0.3229259E+01  0.3289084E+03 -0.1852417E+01  0.3015222E+02  0.3119931E+02
 -0.2630752E+01  0.3288798E+03 -0.1881012E+01  0.3010066E+02  0.3113285E+02
 -0.2032272E+01  0.3288504E+03 -0.1910400E+01  0.3005768E+02  0.3107743E+02
 -0.1433821E+01  0.3288195E+03 -0.1941315E+01  0.3002329E+02  0.3103310E+02
 -0.8353992E+00  0.3287873E+03 -0.1973511E+01  0.2999748E+02  0.3099990E+02
 -0.2370073E+00  0.3287548E+03 -0.2006012E+01  0.2998025E+02  0.3097782E+02
  0.3613552E+00  0.3287224E+03 -0.2038391E+01  0.2997163E+02  0.3096693E+02
  0.9596890E+00  0.3286904E+03 -0.2070404E+01  0.2997166E+02  0.3096724E+02
  0.1557995E+01  0.3286594E+03 -0.2101410E+01  0.2998040E+02  0.3097882E+02
  0.2156273E+01  0.3286290E+03 -0.2131805E+01  0.2999790E+02  0.3100173E+02
  0.2754524E+01  0.3285982E+03 -0.2162598E+01  0.3002426E+02  0.3103602E+02
  0.3352745E+01  0.3285670E+03 -0.2193817E+01  0.3005952E+02  0.3108172E+02
  0.3950938E+01  0.3285355E+03 -0.2225311E+01  0.3010375E+02  0.3113886E+02
  0.4549102E+01  0.3285038E+03 -0.2256989E+01  0.3015700E+02  0.3120746E+02
  0.5147237E+01  0.3284722E+03 -0.2288605E+01  0.3021931E+02  0.3128750E+02
  0.5745344E+01  0.3284409E+03 -0.2319916E+01  0.3029073E+02  0.3137898E+02
  0.6343422E+01  0.3284098E+03 -0.2351013E+01  0.3037127E+02  0.3148186E+02
  0.6941472E+01  0.3283782E+03 -0.2382599E+01  0.3046089E+02  0.3159602E+02
  0.7539491E+01  0.3283456E+03 -0.2415192E+01  0.3055960E+02  0.3172139E+02
  0.8137480E+01  0.3283124E+03 -0.2448395E+01  0.3066736E+02  0.3185785E+02
  0.8735438E+01  0.3282788E+03 -0.2481995E+01  0.3078415E+02  0.3200525E+02
  0.9333365E+01  0.3282449E+03 -0.2515900E+01  0.3090988E+02  0.3216343E+02
  0.9931261E+01  0.3282112E+03 -0.2549591E+01  0.3104450E+02  0.3233220E+02
  0.1052913E+02  0.3281783E+03 -0.2582489E+01  0.3118797E+02  0.3251136E+02
  0.1112697E+02  0.3281460E+03 -0.2614807E+01  0.3134016E+02  0.3270068E+02
  0.1172477E+02  0.3281138E+03 -0.2647003E+01  0.3150097E+02  0.3289988E+02
  0.1232255E+02  0.3280817E+03 -0.2679108E+01  0.3167037E+02  0.3310875E+02
  0.1292030E+02  0.3280499E+03 -0.2710907E+01  0.3184819E+02  0.3332700E+02
  0.1351803E+02  0.3280180E+03 -0.2742798E+01  0.3203438E+02  0.3355436E+02
  0.1411572E+02  0.3279860E+03 -0.2774811E+01  0.3222884E+02  0.3379062E+02
  0.1471338E+02  0.3279540E+03 -0.2806793E+01  0.3243153E+02  0.3403557E+02
  0.1531101E+02  0.3279222E+03 -0.2838593E+01  0.3264230E+02  0.3428892E+02
  0.1590862E+02  0.3278901E+03 -0.2870697E+01  0.3286110E+02  0.3455050E+02
  0.1650619E+02  0.3278573E+03 -0.2903503E+01  0.3308793E+02  0.3482013E+02
  0.1710374E+02  0.3278239E+03 -0.2936890E+01  0.3332259E+02  0.3509754E+02
  0.1770125E+02  0.3277909E+03 -0.2969910E+01  0.3356510E+02  0.3538262E+02
  0.1829874E+02  0.3277585E+03 -0.3002289E+01  0.3381527E+02  0.3567503E+02
  0.1889619E+02  0.3277263E+03 -0.3034515E+01  0.3407314E+02  0.3597479E+02
  0.1949362E+02  0.3276942E+03 -0.3066589E+01  0.3433860E+02  0.3628158E+02
  0.2009101E+02  0.3276621E+03 -0.3098694E+01  0.3461165E+02  0.3659539E+02
  0.2068838E+02  0.3276301E+03 -0.3130707E+01  0.3489227E+02  0.3691608E+02
  0.2128572E+02  0.3275983E+03 -0.3162506E+01  0.3518026E+02  0.3724339E+02
  0.2188303E+02  0.3275661E+03 -0.3194702E+01  0.3547584E+02  0.3757745E+02
  0.2248031E+02  0.3275330E+03 -0.3227814E+01  0.3577885E+02  0.3791801E+02
  0.2307756E+02  0.3274991E+03 -0.3261688E+01  0.3608918E+02  0.3826484E+02
  0.2367477E+02  0.3274650E+03 -0.3295807E+01  0.3640682E+02  0.3861787E+02
  0.2427196E+02  0.3274313E+03 -0.3329498E+01  0.3673166E+02  0.3897697E+02
  0.2486911E+02  0.3273985E+03 -0.3362305E+01  0.3706373E+02  0.3934205E+02
  0.2546624E+02  0.3273666E+03 -0.3394196E+01  0.3740297E+02  0.3971303E+02
  0.2606334E+02  0.3273349E+03 -0.3425903E+01  0.3774914E+02  0.4008955E+02
  0.2666041E+02  0.3273029E+03 -0.3457916E+01  0.3810223E+02  0.4047158E+02
  0.2725745E+02  0.3272706E+03 -0.3490204E+01  0.3846202E+02  0.4085878E+02
  0.2785446E+02  0.3272380E+03 -0.3522797E+01  0.3882853E+02  0.4125122E+02
  0.2845144E+02  0.3272046E+03 -0.3556213E+01  0.3920146E+02  0.4164849E+02
  0.2904838E+02  0.3271702E+03 -0.3590607E+01  0.3958073E+02  0.4205049E+02
  0.2964530E+02  0.3271356E+03 -0.3625214E+01  0.3996586E+02  0.4245661E+02
  0.3024218E+02  0.3271015E+03 -0.3659302E+01  0.4035465E+02  0.4286424E+02
  0.3083904E+02  0.3270677E+03 -0.3693115E+01  0.4074191E+02  0.4326723E+02
  0.3143586E+02  0.3270340E+03 -0.3726807E+01  0.4112370E+02  0.4366103E+02
  0.3203265E+02  0.3270004E+03 -0.3760407E+01  0.4149538E+02  0.4404036E+02
  0.3262942E+02  0.3269666E+03 -0.3794190E+01  0.4185497E+02  0.4440326E+02
  0.3322615E+02  0.3269327E+03 -0.3828095E+01  0.4220108E+02  0.4474834E+02
  0.3382285E+02  0.3268983E+03 -0.3862518E+01  0.4253580E+02  0.4507828E+02
  0.3441951E+02  0.3268636E+03 -0.3897217E+01  0.4286084E+02  0.4539533E+02
  0.3501615E+02  0.3268295E+03 -0.3931305E+01  0.4317601E+02  0.4569950E+02
  0.3561276E+02  0.3267961E+03 -0.3964691E+01  0.4348183E+02  0.4599158E+02
  0.3620933E+02  0.3267623E+03 -0.3998505E+01  0.4377662E+02  0.4626980E+02
  0.3680587E+02  0.3267263E+03 -0.4034515E+01  0.4406695E+02  0.4654179E+02
  0.3740238E+02  0.3266882E+03 -0.4072601E+01  0.4435001E+02  0.4680448E+02
  0.3799885E+02  0.3266494E+03 -0.4111389E+01  0.4462802E+02  0.4706059E+02
  0.3859529E+02  0.3266129E+03 -0.4147888E+01  0.4489976E+02  0.4730880E+02
  0.3919170E+02  0.3265832E+03 -0.4177612E+01  0.4517040E+02  0.4755512E+02
  0.3978811E+02  0.3265648E+03 -0.4196014E+01  0.4543226E+02  0.4779109E+02
  0.4038451E+02  0.3265607E+03 -0.4200104E+01  0.4569088E+02  0.4802299E+02
  0.4098093E+02  0.3265664E+03 -0.4194397E+01  0.4594378E+02  0.4824818E+02
  0.4157735E+02  0.3265744E+03 -0.4186401E+01  0.4619574E+02  0.4847203E+02
  0.4217378E+02  0.3265821E+03 -0.4178711E+01  0.4644254E+02  0.4869000E+02
  0.4277022E+02  0.3265902E+03 -0.4170593E+01  0.4668519E+02  0.4890321E+02
  0.4336666E+02  0.3265988E+03 -0.4162018E+01  0.4692525E+02  0.4911342E+02
  0.4396312E+02  0.3266078E+03 -0.4153015E+01  0.4716016E+02  0.4931785E+02
  0.4455958E+02  0.3266172E+03 -0.4143616E+01  0.4739452E+02  0.4952161E+02
  0.4515605E+02  0.3266269E+03 -0.4133911E+01  0.4762386E+02  0.4971981E+02
  0.4575253E+02  0.3266371E+03 -0.4123718E+01  0.4785201E+02  0.4991660E+02
  0.4634902E+02  0.3266478E+03 -0.4113007E+01  0.4807728E+02  0.5011027E+02
  0.4694553E+02  0.3266587E+03 -0.4102112E+01  0.4830120E+02  0.5030233E+02
  0.4754204E+02  0.3266693E+03 -0.4091492E+01  0.4852418E+02  0.5049338E+02
  0.4813855E+02  0.3266786E+03 -0.4082214E+01  0.4874607E+02  0.5068317E+02
  0.4873508E+02  0.3266855E+03 -0.4075317E+01  0.4896576E+02  0.5087051E+02
  0.4933160E+02  0.3266896E+03 -0.4071198E+01  0.4918439E+02  0.5105663E+02
  0.4992813E+02  0.3266911E+03 -0.4069702E+01  0.4940004E+02  0.5123946E+02
  0.5052465E+02  0.3266902E+03 -0.4070618E+01  0.4961555E+02  0.5142212E+02
  0.5112117E+02  0.3266873E+03 -0.4073517E+01  0.4983011E+02  0.5160368E+02
  0.5171769E+02  0.3266830E+03 -0.4077789E+01  0.5004230E+02  0.5178271E+02
  0.5231420E+02  0.3266778E+03 -0.4083008E+01  0.5025556E+02  0.5196288E+02
  0.5291070E+02  0.3266721E+03 -0.4088715E+01  0.5046787E+02  0.5214210E+02
  0.5350720E+02  0.3266660E+03 -0.4094818E+01  0.5067769E+02  0.5231867E+02
  0.5410370E+02  0.3266598E+03 -0.4101013E+01  0.5088819E+02  0.5249606E+02
  0.5470019E+02  0.3266534E+03 -0.4107391E+01  0.5110127E+02  0.5267635E+02
  0.5529667E+02  0.3266472E+03 -0.4113617E+01  0.5131281E+02  0.5285520E+02
  0.5589315E+02  0.3266413E+03 -0.4119507E+01  0.5152512E+02  0.5303511E+02
  0.5648962E+02  0.3266359E+03 -0.4124908E+01  0.5173822E+02  0.5321613E+02
  0.5708609E+02  0.3266310E+03 -0.4129791E+01  0.5194804E+02  0.5339397E+02
  0.5768255E+02  0.3266266E+03 -0.4134216E+01  0.5215616E+02  0.5357032E+02
  0.5827902E+02  0.3266229E+03 -0.4137909E+01  0.5236576E+02  0.5374863E+02
  0.5887548E+02  0.3266202E+03 -0.4140595E+01  0.5257360E+02  0.5392549E+02
  0.5947193E+02  0.3266187E+03 -0.4142090E+01  0.5277981E+02  0.5410107E+02
  0.6006839E+02  0.3266180E+03 -0.4142792E+01  0.5298122E+02  0.5427200E+02
  0.6066485E+02  0.3266176E+03 -0.4143189E+01  0.5318548E+02  0.5444644E+02
  0.6126131E+02  0.3266175E+03 -0.4143311E+01  0.5339087E+02  0.5462256E+02
  0.6185777E+02  0.3266176E+03 -0.4143189E+01  0.5359250E+02  0.5479526E+02
  0.6245423E+02  0.3266180E+03 -0.4142792E+01  0.5379525E+02  0.5496967E+02
  0.6305069E+02  0.3266184E+03 -0.4142395E+01  0.5399439E+02  0.5514088E+02
  0.6364715E+02  0.3266184E+03 -0.4142395E+01  0.5419758E+02  0.5531698E+02
  0.6424360E+02  0.3266180E+03 -0.4142792E+01  0.5439860E+02  0.5549143E+02
  0.6484006E+02  0.3266177E+03 -0.4143097E+01  0.5459899E+02  0.5566587E+02
  0.6543652E+02  0.3266170E+03 -0.4143799E+01  0.5480027E+02  0.5584194E+02
  0.6603298E+02  0.3266160E+03 -0.4144806E+01  0.5499672E+02  0.5601360E+02
  0.6662943E+02  0.3266145E+03 -0.4146301E+01  0.5519095E+02  0.5618362E+02
  0.6722589E+02  0.3266129E+03 -0.4147888E+01  0.5538486E+02  0.5635397E+02
  0.6782234E+02  0.3266115E+03 -0.4149292E+01  0.5557883E+02  0.5652502E+02
  0.6841879E+02  0.3266103E+03 -0.4150513E+01  0.5577084E+02  0.5669468E+02
  0.6901524E+02  0.3266095E+03 -0.4151306E+01  0.5596386E+02  0.5686602E+02
  0.6961169E+02  0.3266092E+03 -0.4151611E+01  0.5615498E+02  0.5703599E+02
  0.7020814E+02  0.3266094E+03 -0.4151398E+01  0.5634306E+02  0.5720337E+02
  0.7080459E+02  0.3266096E+03 -0.4151215E+01  0.5653101E+02  0.5737121E+02
  0.7140105E+02  0.3266099E+03 -0.4150909E+01  0.5671678E+02  0.5753729E+02
  0.7199750E+02  0.3266103E+03 -0.4150513E+01  0.5689860E+02  0.5769976E+02
  0.7259395E+02  0.3266111E+03 -0.4149689E+01  0.5708187E+02  0.5786419E+02
  0.7319040E+02  0.3266121E+03 -0.4148712E+01  0.5726561E+02  0.5802959E+02
  0.7378686E+02  0.3266132E+03 -0.4147614E+01  0.5744688E+02  0.5819289E+02
  0.7438332E+02  0.3266144E+03 -0.4146393E+01  0.5762759E+02  0.5835605E+02
  0.7497977E+02  0.3266155E+03 -0.4145294E+01  0.5780985E+02  0.5852127E+02
  0.7557623E+02  0.3266164E+03 -0.4144409E+01  0.5798782E+02  0.5868251E+02
  0.7617269E+02  0.3266172E+03 -0.4143616E+01  0.5816886E+02  0.5884739E+02
  0.7676915E+02  0.3266178E+03 -0.4143005E+01  0.5835082E+02  0.5901370E+02
  0.7736561E+02  0.3266188E+03 -0.4141998E+01  0.5853046E+02  0.5917815E+02
  0.7796207E+02  0.3266202E+03 -0.4140595E+01  0.5870845E+02  0.5934140E+02
  0.7855853E+02  0.3266225E+03 -0.4138306E+01  0.5888722E+02  0.5950603E+02
  0.7915500E+02  0.3266258E+03 -0.4135010E+01  0.5906853E+02  0.5967389E+02
  0.7975147E+02  0.3266299E+03 -0.4130890E+01  0.5925073E+02  0.5984334E+02
  0.8034795E+02  0.3266343E+03 -0.4126495E+01  0.5943347E+02  0.6001405E+02
  0.8094443E+02  0.3266387E+03 -0.4122101E+01  0.5962104E+02  0.6019047E+02
  0.8154091E+02  0.3266432E+03 -0.4117615E+01  0.5980092E+02  0.6035983E+02
  0.8213740E+02  0.3266474E+03 -0.4113403E+01  0.5997448E+02  0.6052354E+02
  0.8273389E+02  0.3266513E+03 -0.4109497E+01  0.6015537E+02  0.6069557E+02
  0.8333039E+02  0.3266548E+03 -0.4106018E+01  0.6033534E+02  0.6086758E+02
  0.8392688E+02  0.3266582E+03 -0.4102600E+01  0.6051075E+02  0.6103588E+02
  0.8452338E+02  0.3266618E+03 -0.4098999E+01  0.6068564E+02  0.6120461E+02
  0.8511989E+02  0.3266658E+03 -0.4095001E+01  0.6085836E+02  0.6137217E+02
  0.8571640E+02  0.3266699E+03 -0.4090912E+01  0.6102766E+02  0.6153737E+02
  0.8631291E+02  0.3266738E+03 -0.4087006E+01  0.6119276E+02  0.6169951E+02
  0.8690942E+02  0.3266776E+03 -0.4083191E+01  0.6135664E+02  0.6186157E+02
  0.8750594E+02  0.3266811E+03 -0.4079712E+01  0.6151402E+02  0.6201842E+02
  0.8810246E+02  0.3266841E+03 -0.4076691E+01  0.6167010E+02  0.6217530E+02
  0.8869898E+02  0.3266863E+03 -0.4074493E+01  0.6182298E+02  0.6233041E+02
  0.8929551E+02  0.3266875E+03 -0.4073303E+01  0.6197031E+02  0.6248164E+02
  0.8989203E+02  0.3266875E+03 -0.4073303E+01  0.6212127E+02  0.6263815E+02
  0.9048855E+02  0.3266862E+03 -0.4074616E+01  0.6226626E+02  0.6279071E+02
  0.9108507E+02  0.3266841E+03 -0.4076691E+01  0.6241190E+02  0.6294603E+02
  0.9168158E+02  0.3266815E+03 -0.4079315E+01  0.6254779E+02  0.6309408E+02
  0.9227809E+02  0.3266788E+03 -0.4082001E+01  0.6267970E+02  0.6324066E+02
  0.9287461E+02  0.3266763E+03 -0.4084503E+01  0.6279382E+02  0.6337258E+02
  0.9347111E+02  0.3266739E+03 -0.4086914E+01  0.6289520E+02  0.6349492E+02
  0.9406762E+02  0.3266718E+03 -0.4088989E+01  0.6297829E+02  0.6360250E+02
  0.9466413E+02  0.3266702E+03 -0.4090607E+01  0.6305037E+02  0.6370254E+02
  0.9526063E+02  0.3266697E+03 -0.4091095E+01  0.6309982E+02  0.6378422E+02
  0.9585714E+02  0.3266702E+03 -0.4090607E+01  0.6313454E+02  0.6385539E+02
  0.9645365E+02  0.3266712E+03 -0.4089600E+01  0.6315842E+02  0.6392008E+02
  0.9705016E+02  0.3266724E+03 -0.4088409E+01  0.6317543E+02  0.6398253E+02
  0.9764667E+02  0.3266737E+03 -0.4087097E+01  0.6317788E+02  0.6403632E+02
  0.9824318E+02  0.3266751E+03 -0.4085693E+01  0.6315643E+02  0.6407352E+02
  0.9883969E+02  0.3266765E+03 -0.4084290E+01  0.6311637E+02  0.6409984E+02
  0.9943621E+02  0.3266777E+03 -0.4083099E+01  0.6305643E+02  0.6411525E+02
  0.1000327E+03  0.3266785E+03 -0.4082306E+01  0.6295704E+02  0.6410338E+02
  0.1006292E+03  0.3266791E+03 -0.4081696E+01  0.6279474E+02  0.6404510E+02
  0.1012258E+03  0.3266793E+03 -0.4081513E+01  0.6259187E+02  0.6396116E+02
  0.1018223E+03  0.3266792E+03 -0.4081604E+01  0.6229380E+02  0.6380632E+02
  0.1024188E+03  0.3266783E+03 -0.4082489E+01  0.6189233E+02  0.6357533E+02
  0.1030153E+03  0.3266768E+03 -0.4084015E+01  0.6139151E+02  0.6327219E+02
  0.1036118E+03  0.3266748E+03 -0.4085999E+01  0.6072574E+02  0.6284329E+02
  0.1042083E+03  0.3266725E+03 -0.4088318E+01  0.5986379E+02  0.6226265E+02
  0.1048048E+03  0.3266704E+03 -0.4090393E+01  0.5882542E+02  0.6154409E+02
  0.1054013E+03  0.3266687E+03 -0.4092102E+01  0.5754022E+02  0.6062650E+02
  0.1059978E+03  0.3266676E+03 -0.4093201E+01  0.5602280E+02  0.5951362E+02
  0.1065943E+03  0.3266668E+03 -0.4093994E+01  0.5420525E+02  0.5813759E+02
  0.1071908E+03  0.3266661E+03 -0.4094696E+01  0.5204702E+02  0.5644469E+02
  0.1077873E+03  0.3266657E+03 -0.4095093E+01  0.4955092E+02  0.5440644E+02
  0.1083838E+03  0.3266658E+03 -0.4095001E+01  0.4694503E+02  0.5218678E+02
  0.1089803E+03  0.3266666E+03 -0.4094208E+01  0.4439875E+02  0.4991668E+02
  0.1095768E+03  0.3266678E+03 -0.4093018E+01  0.4221007E+02  0.4788072E+02
  0.1101733E+03  0.3266694E+03 -0.4091400E+01  0.4079355E+02  0.4652988E+02
  0.1107699E+03  0.3266713E+03 -0.4089508E+01  0.3992881E+02  0.4570089E+02
  0.1113664E+03  0.3266733E+03 -0.4087494E+01  0.3955844E+02  0.4536504E+02
  0.1119629E+03  0.3266750E+03 -0.4085815E+01  0.3935556E+02  0.4519808E+02
  0.1125594E+03  0.3266765E+03 -0.4084290E+01  0.3922641E+02  0.4510627E+02
  0.1131559E+03  0.3266779E+03 -0.4082916E+01  0.3908870E+02  0.4500569E+02
  0.1137524E+03  0.3266794E+03 -0.4081390E+01  0.3895677E+02  0.4491048E+02
  0.1143489E+03  0.3266808E+03 -0.4080017E+01  0.3882922E+02  0.4481970E+02
  0.1149455E+03  0.3266817E+03 -0.4079102E+01  0.3870643E+02  0.4473386E+02
  0.1155420E+03  0.3266821E+03 -0.4078705E+01  0.3855975E+02  0.4462183E+02
  0.1161385E+03  0.3266822E+03 -0.4078613E+01  0.3841827E+02  0.4451395E+02
  0.1167350E+03  0.3266823E+03 -0.4078491E+01  0.3834413E+02  0.4447557E+02
  0.1173315E+03  0.3266823E+03 -0.4078491E+01  0.3824361E+02  0.4441047E+02
  0.1179280E+03  0.3266825E+03 -0.4078308E+01  0.3814306E+02  0.4434536E+02
  0.1185246E+03  0.3266830E+03 -0.4077789E+01  0.3809285E+02  0.4433241E+02
  0.1191211E+03  0.3266838E+03 -0.4076996E+01  0.3801459E+02  0.4429066E+02
  0.1197176E+03  0.3266846E+03 -0.4076202E+01  0.3791298E+02  0.4422443E+02
  0.1203141E+03  0.3266850E+03 -0.4075806E+01  0.3782267E+02  0.4417030E+02
  0.1209106E+03  0.3266850E+03 -0.4075806E+01  0.3771875E+02  0.4410219E+02
  0.1215072E+03  0.3266850E+03 -0.4075806E+01  0.3759471E+02  0.4401410E+02
  0.1221037E+03  0.3266850E+03 -0.4075806E+01  0.3747007E+02  0.4392535E+02
  0.1227002E+03  0.3266851E+03 -0.4075714E+01  0.3733884E+02  0.4383000E+02
  0.1232967E+03  0.3266854E+03 -0.4075409E+01  0.3720104E+02  0.4372819E+02
  0.1238932E+03  0.3266857E+03 -0.4075104E+01  0.3709254E+02  0.4365647E+02
  0.1244898E+03  0.3266860E+03 -0.4074799E+01  0.3702136E+02  0.4362253E+02
  0.1250863E+03  0.3266864E+03 -0.4074402E+01  0.3688092E+02  0.4351580E+02
  0.1256828E+03  0.3266871E+03 -0.4073700E+01  0.3678564E+02  0.4345639E+02
  0.1262793E+03  0.3266880E+03 -0.4072815E+01  0.3670741E+02  0.4341470E+02
  0.1268759E+03  0.3266887E+03 -0.4072113E+01  0.3657221E+02  0.4331364E+02
  0.1274724E+03  0.3266895E+03 -0.4071289E+01  0.3646685E+02  0.4324257E+02
  0.1280689E+03  0.3266903E+03 -0.4070496E+01  0.3631316E+02  0.4312041E+02
  0.1286654E+03  0.3266914E+03 -0.4069397E+01  0.3616985E+02  0.4300788E+02
  0.1292620E+03  0.3266926E+03 -0.4068207E+01  0.3606356E+02  0.4293347E+02
  0.1298585E+03  0.3266939E+03 -0.4066895E+01  0.3594576E+02  0.4284716E+02
  0.1304550E+03  0.3266954E+03 -0.4065399E+01  0.3586260E+02  0.4279727E+02
  0.1310515E+03  0.3266968E+03 -0.4063995E+01  0.3577168E+02  0.4274029E+02
  0.1316481E+03  0.3266984E+03 -0.4062408E+01  0.3567021E+02  0.4267236E+02
  0.1322446E+03  0.3266998E+03 -0.4061005E+01  0.3557597E+02  0.4261073E+02
  0.1328412E+03  0.3267012E+03 -0.4059601E+01  0.3551713E+02  0.4258502E+02
  0.1334377E+03  0.3267023E+03 -0.4058502E+01  0.3545652E+02  0.4255658E+02
  0.1340342E+03  0.3267031E+03 -0.4057709E+01  0.3534738E+02  0.4247752E+02
  0.1346308E+03  0.3267038E+03 -0.4057007E+01  0.3527227E+02  0.4243455E+02
  0.1352273E+03  0.3267042E+03 -0.4056610E+01  0.3515488E+02  0.4234722E+02
  0.1358238E+03  0.3267045E+03 -0.4056305E+01  0.3502474E+02  0.4224676E+02
  0.1364204E+03  0.3267046E+03 -0.4056213E+01  0.3488916E+02  0.4214137E+02
  0.1370169E+03  0.3267044E+03 -0.4056397E+01  0.3473024E+02  0.4201120E+02
  0.1376135E+03  0.3267041E+03 -0.4056702E+01  0.3465535E+02  0.4196894E+02
  0.1382100E+03  0.3267038E+03 -0.4057007E+01  0.3455879E+02  0.4190411E+02
  0.1388065E+03  0.3267036E+03 -0.4057190E+01  0.3449575E+02  0.4187554E+02
  0.1394031E+03  0.3267035E+03 -0.4057312E+01  0.3435900E+02  0.4176817E+02
  0.1399996E+03  0.3267034E+03 -0.4057404E+01  0.3421159E+02  0.4164775E+02
  0.1405961E+03  0.3267035E+03 -0.4057312E+01  0.3409843E+02  0.4156270E+02
  0.1411927E+03  0.3267040E+03 -0.4056793E+01  0.3402433E+02  0.4151926E+02
  0.1417892E+03  0.3267045E+03 -0.4056305E+01  0.3393123E+02  0.4145617E+02
  0.1423857E+03  0.3267050E+03 -0.4055817E+01  0.3382728E+02  0.4138147E+02
  0.1429823E+03  0.3267053E+03 -0.4055512E+01  0.3364806E+02  0.4122605E+02
  0.1435788E+03  0.3267056E+03 -0.4055206E+01  0.3346353E+02  0.4106395E+02
  0.1441754E+03  0.3267058E+03 -0.4054993E+01  0.3334227E+02  0.4096967E+02
  0.1447719E+03  0.3267060E+03 -0.4054810E+01  0.3318847E+02  0.4083990E+02
  0.1453684E+03  0.3267065E+03 -0.4054291E+01  0.3310098E+02  0.4078083E+02
  0.1459650E+03  0.3267074E+03 -0.4053406E+01  0.3296602E+02  0.4066924E+02
  0.1465615E+03  0.3267086E+03 -0.4052216E+01  0.3286352E+02  0.4058987E+02
  0.1471581E+03  0.3267098E+03 -0.4050995E+01  0.3275954E+02  0.4050690E+02
  0.1477546E+03  0.3267108E+03 -0.4050018E+01  0.3268254E+02  0.4045321E+02
  0.1483512E+03  0.3267113E+03 -0.4049500E+01  0.3259436E+02  0.4038783E+02
  0.1489477E+03  0.3267114E+03 -0.4049408E+01  0.3243429E+02  0.4024387E+02
  0.1495442E+03  0.3267115E+03 -0.4049316E+01  0.3230487E+02  0.4013328E+02
  0.1501408E+03  0.3267118E+03 -0.4049011E+01  0.3222887E+02  0.4008138E+02
  0.1507373E+03  0.3267124E+03 -0.4048401E+01  0.3211580E+02  0.3998848E+02
  0.1513339E+03  0.3267132E+03 -0.4047607E+01  0.3202803E+02  0.3992177E+02
  0.1519304E+03  0.3267141E+03 -0.4046692E+01  0.3196179E+02  0.3987704E+02
  0.1525270E+03  0.3267149E+03 -0.4045898E+01  0.3187072E+02  0.3980574E+02
  0.1531235E+03  0.3267150E+03 -0.4045807E+01  0.3176257E+02  0.3971657E+02
  0.1537201E+03  0.3267143E+03 -0.4046509E+01  0.3166035E+02  0.3963456E+02
  0.1543166E+03  0.3267133E+03 -0.4047516E+01  0.3153249E+02  0.3952440E+02
  0.1549132E+03  0.3267125E+03 -0.4048309E+01  0.3138857E+02  0.3939520E+02
  0.1555097E+03  0.3267121E+03 -0.4048706E+01  0.3124112E+02  0.3926150E+02
  0.1561063E+03  0.3267120E+03 -0.4048798E+01  0.3112311E+02  0.3916048E+02
  0.1567028E+03  0.3267121E+03 -0.4048706E+01  0.3102044E+02  0.3907746E+02
  0.1572993E+03  0.3267124E+03 -0.4048401E+01  0.3094505E+02  0.3902404E+02
  0.1578959E+03  0.3267131E+03 -0.4047699E+01  0.3091246E+02  0.3901723E+02
  0.1584924E+03  0.3267142E+03 -0.4046600E+01  0.3080915E+02  0.3893376E+02
  0.1590890E+03  0.3267159E+03 -0.4044891E+01  0.3074804E+02  0.3889673E+02
  0.1596855E+03  0.3267177E+03 -0.4043091E+01  0.3062743E+02  0.3879248E+02
  0.1602821E+03  0.3267193E+03 -0.4041504E+01  0.3050528E+02  0.3868515E+02
  0.1608786E+03  0.3267205E+03 -0.4040314E+01  0.3040174E+02  0.3859698E+02
  0.1614752E+03  0.3267215E+03 -0.4039307E+01  0.3028639E+02  0.3849506E+02
  0.1620717E+03  0.3267224E+03 -0.4038391E+01  0.3015361E+02  0.3837305E+02
  0.1626683E+03  0.3267234E+03 -0.4037415E+01  0.3008880E+02  0.3832827E+02
  0.1632649E+03  0.3267247E+03 -0.4036102E+01  0.2997567E+02  0.3822990E+02
  0.1638614E+03  0.3267263E+03 -0.4034515E+01  0.2988134E+02  0.3815199E+02
  0.1644580E+03  0.3267279E+03 -0.4032898E+01  0.2978479E+02  0.3807180E+02
  0.1650545E+03  0.3267293E+03 -0.4031494E+01  0.2967566E+02  0.3797728E+02
  0.1656511E+03  0.3267303E+03 -0.4030518E+01  0.2960770E+02  0.3792786E+02
  0.1662477E+03  0.3267311E+03 -0.4029694E+01  0.2955426E+02  0.3789498E+02
  0.1668442E+03  0.3267317E+03 -0.4029114E+01  0.2944556E+02  0.3780086E+02
  0.1674408E+03  0.3267319E+03 -0.4028900E+01  0.2935146E+02  0.3772237E+02
  0.1680374E+03  0.3267317E+03 -0.4029114E+01  0.2924530E+02  0.3762963E+02
  0.1686339E+03  0.3267309E+03 -0.4029907E+01  0.2913697E+02  0.3753429E+02
  0.1692305E+03  0.3267299E+03 -0.4030914E+01  0.2904394E+02  0.3745500E+02
  0.1698270E+03  0.3267292E+03 -0.4031616E+01  0.2891787E+02  0.3733635E+02
  0.1704236E+03  0.3267288E+03 -0.4032013E+01  0.2883485E+02  0.3726528E+02
  0.1710202E+03  0.3267286E+03 -0.4032196E+01  0.2873370E+02  0.3717317E+02
  0.1716167E+03  0.3267286E+03 -0.4032196E+01  0.2862954E+02  0.3707887E+02
  0.1722133E+03  0.3267287E+03 -0.4032105E+01  0.2854685E+02  0.3700805E+02
  0.1728098E+03  0.3267288E+03 -0.4032013E+01  0.2849682E+02  0.3697445E+02
  0.1734064E+03  0.3267285E+03 -0.4032318E+01  0.2842354E+02  0.3691385E+02
  0.1740030E+03  0.3267279E+03 -0.4032898E+01  0.2833138E+02  0.3683184E+02
