     1     4.9995E-02  2.0539E-02  7.0534E-02
     1     5.2186E-02  2.1608E-02  7.3794E-02
     1     5.4270E-02  2.2623E-02  7.6893E-02
     1     5.6260E-02  2.3591E-02  7.9851E-02
     1     5.8168E-02  2.4517E-02  8.2685E-02
     2     6.0002E-02  2.5405E-02  8.5407E-02
     2     6.1770E-02  2.6259E-02  8.8029E-02
     2     6.3478E-02  2.7082E-02  9.0560E-02
     2     6.5132E-02  2.7876E-02  9.3008E-02
     2     6.8295E-02  2.9387E-02  9.7681E-02
     2     7.1288E-02  3.0807E-02  1.0209E-01
     2     7.4134E-02  3.2149E-02  1.0628E-01
     3     7.6853E-02  3.3421E-02  1.1027E-01
     3     7.9459E-02  3.4633E-02  1.1409E-01
     3     8.1965E-02  3.5789E-02  1.1775E-01
     3     8.5557E-02  3.7431E-02  1.2299E-01
     4     8.8973E-02  3.8977E-02  1.2795E-01
     4     9.3294E-02  4.0907E-02  1.3420E-01
     4     9.8372E-02  4.3140E-02  1.4151E-01
     5     1.0315E-01  4.5205E-02  1.4835E-01
     5     1.0767E-01  4.7126E-02  1.5479E-01
     6     1.1197E-01  4.8924E-02  1.6089E-01
     7     1.1607E-01  5.0614E-02  1.6669E-01
     7     1.2001E-01  5.2208E-02  1.7222E-01
     8     1.2744E-01  5.5152E-02  1.8259E-01
     9     1.3438E-01  5.7821E-02  1.9220E-01
    10     1.4090E-01  6.0262E-02  2.0117E-01
    11     1.4708E-01  6.2511E-02  2.0959E-01
    12     1.5295E-01  6.4596E-02  2.1755E-01
    13     1.5856E-01  6.6539E-02  2.2510E-01
    14     1.6394E-01  6.8357E-02  2.3230E-01
    15     1.6911E-01  7.0066E-02  2.3917E-01
    16     1.7409E-01  7.1676E-02  2.4577E-01
    17     1.7891E-01  7.3198E-02  2.5210E-01
    18     1.8357E-01  7.4641E-02  2.5821E-01
    20     1.9248E-01  7.7318E-02  2.6980E-01
    22     2.0092E-01  7.9753E-02  2.8067E-01
    24     2.0894E-01  8.1984E-02  2.9092E-01
    26     2.1660E-01  8.4040E-02  3.0064E-01
    28     2.2395E-01  8.5943E-02  3.0989E-01
    30     2.3101E-01  8.7713E-02  3.1872E-01
    33     2.4113E-01  9.0150E-02  3.3128E-01
    36     2.5076E-01  9.2363E-02  3.4312E-01
    40     2.6294E-01  9.5021E-02  3.5796E-01
    45     2.7725E-01  9.7953E-02  3.7520E-01
    50     2.9071E-01  1.0053E-01  3.9124E-01
    55     3.0345E-01  1.0282E-01  4.0627E-01
    60     3.1557E-01  1.0487E-01  4.2043E-01
    65     3.2714E-01  1.0671E-01  4.3385E-01
    70     3.3824E-01  1.0837E-01  4.4661E-01
    80     3.5918E-01  1.1127E-01  4.7045E-01
    90     3.7873E-01  1.1369E-01  4.9242E-01
   100     3.9712E-01  1.1574E-01  5.1287E-01
   110     4.1453E-01  1.1749E-01  5.3202E-01
   120     4.3108E-01  1.1900E-01  5.5008E-01
   130     4.4689E-01  1.2030E-01  5.6719E-01
   140     4.6204E-01  1.2143E-01  5.8347E-01
   150     4.7661E-01  1.2241E-01  5.9902E-01
   160     4.9066E-01  1.2326E-01  6.1392E-01
   170     5.0423E-01  1.2400E-01  6.2823E-01
   180     5.1737E-01  1.2464E-01  6.4201E-01
   200     5.4249E-01  1.2569E-01  6.6817E-01
   220     5.6626E-01  1.2646E-01  6.9272E-01
   240     5.8887E-01  1.2702E-01  7.1589E-01
   260     6.1047E-01  1.2741E-01  7.3787E-01
   280     6.3117E-01  1.2765E-01  7.5882E-01
   300     6.5107E-01  1.2777E-01  7.7885E-01
   330     6.7960E-01  1.2778E-01  8.0739E-01
   360     7.0674E-01  1.2762E-01  8.3436E-01
   400     7.4106E-01  1.2720E-01  8.6826E-01
   450     7.8139E-01  1.2644E-01  9.0783E-01
   500     8.1933E-01  1.2549E-01  9.4483E-01
   550     8.5524E-01  1.2442E-01  9.7966E-01
   600     8.8939E-01  1.2327E-01  1.0127E+00
   650     9.2201E-01  1.2206E-01  1.0441E+00
   700     9.5328E-01  1.2081E-01  1.0741E+00
   800     1.0123E+00  1.1828E-01  1.1306E+00
   900     1.0674E+00  1.1574E-01  1.1832E+00
  1000     1.1192E+00  1.1326E-01  1.2325E+00
  1100     1.1683E+00  1.1083E-01  1.2791E+00
  1200     1.2149E+00  1.0850E-01  1.3234E+00
  1300     1.2595E+00  1.0624E-01  1.3657E+00
  1400     1.3022E+00  1.0408E-01  1.4063E+00
  1500     1.3433E+00  1.0200E-01  1.4453E+00
  1600     1.3829E+00  1.0001E-01  1.4829E+00
  1700     1.4211E+00  9.8104E-02  1.5192E+00
  1800     1.4581E+00  9.6274E-02  1.5544E+00
  2000     1.5289E+00  9.2833E-02  1.6218E+00
  2200     1.5959E+00  8.9661E-02  1.6856E+00
  2400     1.6597E+00  8.6729E-02  1.7464E+00
  2600     1.7205E+00  8.4012E-02  1.8045E+00
  2800     1.7789E+00  8.1487E-02  1.8604E+00
  3000     1.8350E+00  7.9134E-02  1.9141E+00
  3300     1.9154E+00  7.5889E-02  1.9913E+00
  3600     1.9919E+00  7.2944E-02  2.0648E+00
  4000     2.0886E+00  6.9411E-02  2.1580E+00
  4500     2.2023E+00  6.5523E-02  2.2678E+00
  5000     2.3092E+00  6.2115E-02  2.3713E+00
  5500     2.4104E+00  5.9099E-02  2.4695E+00
  6000     2.5066E+00  5.6408E-02  2.5631E+00
  6500     2.5986E+00  5.3990E-02  2.6526E+00
  7000     2.6867E+00  5.1802E-02  2.7385E+00
  8000     2.8531E+00  4.7992E-02  2.9011E+00
  9000     3.0084E+00  4.4780E-02  3.0532E+00
    10000   3.1545E+00  4.2028E-02  3.1965E+00
    11000   3.2927E+00  3.9641E-02  3.3323E+00
    12000   3.4242E+00  3.7546E-02  3.4617E+00
    13000   3.5498E+00  3.5691E-02  3.5855E+00
    14000   3.6701E+00  3.4035E-02  3.7042E+00
    15000   3.7859E+00  3.2546E-02  3.8184E+00
    16000   3.8974E+00  3.1199E-02  3.9286E+00
    17000   4.0052E+00  2.9973E-02  4.0352E+00
    18000   4.1096E+00  2.8852E-02  4.1384E+00
    20000   4.3091E+00  2.6874E-02  4.3360E+00
    22000   4.4980E+00  2.5180E-02  4.5231E+00
    24000   4.6776E+00  2.3712E-02  4.7013E+00
    26000   4.8144E+00  2.2424E-02  4.8368E+00
    28000   4.8920E+00  2.1285E-02  4.9133E+00
    30000   4.9626E+00  2.0079E-02  4.9827E+00
    33000   5.0566E+00  1.8760E-02  5.0754E+00
    36000   5.1377E+00  1.7620E-02  5.1554E+00
    40000   5.2283E+00  1.6320E-02  5.2446E+00
    45000   5.3169E+00  1.4965E-02  5.3318E+00
    50000   5.3822E+00  1.3838E-02  5.3960E+00
    55000   5.4278E+00  1.2884E-02  5.4407E+00
    60000   5.4568E+00  1.2065E-02  5.4688E+00
    65000   5.4715E+00  1.1352E-02  5.4829E+00
    70000   5.4744E+00  1.0727E-02  5.4851E+00
    80000   5.4514E+00  9.6788E-03  5.4611E+00
    90000   5.4002E+00  8.8328E-03  5.4090E+00
   100000   5.3296E+00  8.1342E-03  5.3377E+00
   110000   5.2465E+00  7.5466E-03  5.2541E+00
   120000   5.1558E+00  7.0449E-03  5.1629E+00
   130000   5.0611E+00  6.6109E-03  5.0677E+00
   140000   4.9648E+00  6.2315E-03  4.9710E+00
   150000   4.8687E+00  5.8967E-03  4.8746E+00
   160000   4.7740E+00  5.5989E-03  4.7796E+00
   170000   4.6816E+00  5.3320E-03  4.6869E+00
   180000   4.5918E+00  5.0915E-03  4.5969E+00
   200000   4.4212E+00  4.6747E-03  4.4259E+00
   220000   4.2631E+00  4.3256E-03  4.2674E+00
   240000   4.1170E+00  4.0287E-03  4.1210E+00
   260000   3.9820E+00  3.7728E-03  3.9858E+00
   280000   3.8571E+00  3.5497E-03  3.8606E+00
   300000   3.7413E+00  3.3534E-03  3.7446E+00
   330000   3.5824E+00  3.0992E-03  3.5855E+00
   360000   3.4390E+00  2.8833E-03  3.4418E+00
   400000   3.2678E+00  2.6411E-03  3.2704E+00
   450000   3.0802E+00  2.3935E-03  3.0826E+00
   500000   2.9162E+00  2.1911E-03  2.9184E+00
   550000   2.7713E+00  2.0223E-03  2.7733E+00
   600000   2.6421E+00  1.8792E-03  2.6439E+00
   650000   2.5259E+00  1.7562E-03  2.5277E+00
   700000   2.4209E+00  1.6494E-03  2.4225E+00
   800000   2.2378E+00  1.4724E-03  2.2393E+00
   900000   2.0835E+00  1.3318E-03  2.0848E+00
  1000000   1.9513E+00  1.2171E-03  1.9525E+00
  1100000   1.8366E+00  1.1216E-03  1.8378E+00
  1200000   1.7361E+00  1.0409E-03  1.7371E+00
  1300000   1.6471E+00  9.7159E-04  1.6481E+00
  1400000   1.5678E+00  9.1147E-04  1.5687E+00
  1500000   1.4966E+00  8.5877E-04  1.4974E+00
  1600000   1.4322E+00  8.1217E-04  1.4330E+00
  1700000   1.3737E+00  7.7064E-04  1.3745E+00
  1800000   1.3203E+00  7.3340E-04  1.3211E+00
  2000000   1.2263E+00  6.6929E-04  1.2270E+00
  2200000   1.1460E+00  6.1604E-04  1.1467E+00
  2400000   1.0766E+00  5.7106E-04  1.0772E+00
  2600000   1.0160E+00  5.3253E-04  1.0165E+00
  2800000   9.6246E-01  4.9913E-04  9.6296E-01
  3000000   9.1484E-01  4.6989E-04  9.1531E-01
  3300000   8.5246E-01  4.3223E-04  8.5289E-01
  3600000   7.9882E-01  4.0045E-04  7.9922E-01
  4000000   7.3792E-01  3.6502E-04  7.3829E-01
  4500000   6.7482E-01  3.2905E-04  6.7515E-01
  5000000   6.2258E-01  2.9984E-04  6.2288E-01
  5500000   5.7855E-01  2.7562E-04  5.7883E-01
  6000000   5.4088E-01  2.5520E-04  5.4114E-01
  6500000   5.0825E-01  2.3772E-04  5.0849E-01
  7000000   4.7969E-01  2.2260E-04  4.7991E-01
  8000000   4.3197E-01  1.9770E-04  4.3217E-01
  9000000   3.9363E-01  1.7803E-04  3.9381E-01
