        1001
  0.000000E+00
  0.231929E+01
  0.292222E+01
  0.334510E+01
  0.368192E+01
  0.396624E+01
  0.421477E+01
  0.443710E+01
  0.463912E+01
  0.482484E+01
  0.499739E+01
  0.515891E+01
  0.531116E+01
  0.545544E+01
  0.559277E+01
  0.572388E+01
  0.584942E+01
  0.596998E+01
  0.608595E+01
  0.619773E+01
  0.630561E+01
  0.641003E+01
  0.651123E+01
  0.660943E+01
  0.670486E+01
  0.679776E+01
  0.688809E+01
  0.697602E+01
  0.706169E+01
  0.714524E+01
  0.722679E+01
  0.730645E+01
  0.738431E+01
  0.746049E+01
  0.753506E+01
  0.760813E+01
  0.767976E+01
  0.774997E+01
  0.781899E+01
  0.788687E+01
  0.795362E+01
  0.801928E+01
  0.808396E+01
  0.814760E+01
  0.821030E+01
  0.827205E+01
  0.833286E+01
  0.839281E+01
  0.845188E+01
  0.851014E+01
  0.856761E+01
  0.862428E+01
  0.868027E+01
  0.873546E+01
  0.879000E+01
  0.884388E+01
  0.889706E+01
  0.894964E+01
  0.900163E+01
  0.905295E+01
  0.910373E+01
  0.915398E+01
  0.920367E+01
  0.925281E+01
  0.930145E+01
  0.934961E+01
  0.939730E+01
  0.944448E+01
  0.949118E+01
  0.953744E+01
  0.958325E+01
  0.962863E+01
  0.967357E+01
  0.971810E+01
  0.976219E+01
  0.980587E+01
  0.984915E+01
  0.989205E+01
  0.993458E+01
  0.997673E+01
  0.100185E+02
  0.100599E+02
  0.101009E+02
  0.101416E+02
  0.101820E+02
  0.102220E+02
  0.102616E+02
  0.103010E+02
  0.103400E+02
  0.103787E+02
  0.104171E+02
  0.104552E+02
  0.104932E+02
  0.105309E+02
  0.105684E+02
  0.106057E+02
  0.106428E+02
  0.106796E+02
  0.107163E+02
  0.107527E+02
  0.107890E+02
  0.108251E+02
  0.108609E+02
  0.108966E+02
  0.109320E+02
  0.109672E+02
  0.110022E+02
  0.110370E+02
  0.110715E+02
  0.111059E+02
  0.111400E+02
  0.111740E+02
  0.112077E+02
  0.112413E+02
  0.112746E+02
  0.113077E+02
  0.113407E+02
  0.113735E+02
  0.114060E+02
  0.114384E+02
  0.114706E+02
  0.115026E+02
  0.115344E+02
  0.115661E+02
  0.115975E+02
  0.116288E+02
  0.116599E+02
  0.116909E+02
  0.117216E+02
  0.117522E+02
  0.117827E+02
  0.118130E+02
  0.118432E+02
  0.118733E+02
  0.119032E+02
  0.119330E+02
  0.119627E+02
  0.119922E+02
  0.120216E+02
  0.120509E+02
  0.120801E+02
  0.121091E+02
  0.121381E+02
  0.121669E+02
  0.121956E+02
  0.122242E+02
  0.122526E+02
  0.122809E+02
  0.123091E+02
  0.123371E+02
  0.123650E+02
  0.123928E+02
  0.124204E+02
  0.124479E+02
  0.124753E+02
  0.125025E+02
  0.125296E+02
  0.125567E+02
  0.125835E+02
  0.126103E+02
  0.126369E+02
  0.126634E+02
  0.126899E+02
  0.127162E+02
  0.127424E+02
  0.127685E+02
  0.127946E+02
  0.128205E+02
  0.128463E+02
  0.128720E+02
  0.128977E+02
  0.129232E+02
  0.129487E+02
  0.129740E+02
  0.129993E+02
  0.130245E+02
  0.130496E+02
  0.130746E+02
  0.130995E+02
  0.131243E+02
  0.131490E+02
  0.131736E+02
  0.131981E+02
  0.132225E+02
  0.132468E+02
  0.132710E+02
  0.132951E+02
  0.133192E+02
  0.133431E+02
  0.133669E+02
  0.133906E+02
  0.134142E+02
  0.134378E+02
  0.134612E+02
  0.134846E+02
  0.135079E+02
  0.135310E+02
  0.135541E+02
  0.135771E+02
  0.136001E+02
  0.136229E+02
  0.136457E+02
  0.136684E+02
  0.136911E+02
  0.137137E+02
  0.137362E+02
  0.137586E+02
  0.137810E+02
  0.138033E+02
  0.138255E+02
  0.138476E+02
  0.138697E+02
  0.138917E+02
  0.139137E+02
  0.139356E+02
  0.139574E+02
  0.139792E+02
  0.140009E+02
  0.140225E+02
  0.140440E+02
  0.140655E+02
  0.140869E+02
  0.141083E+02
  0.141295E+02
  0.141508E+02
  0.141719E+02
  0.141930E+02
  0.142139E+02
  0.142349E+02
  0.142557E+02
  0.142766E+02
  0.142973E+02
  0.143180E+02
  0.143386E+02
  0.143591E+02
  0.143796E+02
  0.144000E+02
  0.144204E+02
  0.144407E+02
  0.144609E+02
  0.144811E+02
  0.145011E+02
  0.145212E+02
  0.145411E+02
  0.145610E+02
  0.145808E+02
  0.146006E+02
  0.146203E+02
  0.146399E+02
  0.146595E+02
  0.146790E+02
  0.146984E+02
  0.147178E+02
  0.147371E+02
  0.147563E+02
  0.147755E+02
  0.147946E+02
  0.148137E+02
  0.148327E+02
  0.148516E+02
  0.148705E+02
  0.148893E+02
  0.149081E+02
  0.149268E+02
  0.149455E+02
  0.149641E+02
  0.149827E+02
  0.150012E+02
  0.150197E+02
  0.150381E+02
  0.150565E+02
  0.150749E+02
  0.150932E+02
  0.151114E+02
  0.151297E+02
  0.151478E+02
  0.151660E+02
  0.151840E+02
  0.152021E+02
  0.152201E+02
  0.152381E+02
  0.152560E+02
  0.152739E+02
  0.152917E+02
  0.153095E+02
  0.153272E+02
  0.153449E+02
  0.153626E+02
  0.153802E+02
  0.153978E+02
  0.154152E+02
  0.154327E+02
  0.154501E+02
  0.154674E+02
  0.154847E+02
  0.155019E+02
  0.155191E+02
  0.155362E+02
  0.155533E+02
  0.155703E+02
  0.155873E+02
  0.156042E+02
  0.156211E+02
  0.156379E+02
  0.156547E+02
  0.156714E+02
  0.156880E+02
  0.157047E+02
  0.157213E+02
  0.157377E+02
  0.157542E+02
  0.157706E+02
  0.157870E+02
  0.158034E+02
  0.158196E+02
  0.158359E+02
  0.158521E+02
  0.158683E+02
  0.158844E+02
  0.159005E+02
  0.159166E+02
  0.159326E+02
  0.159485E+02
  0.159645E+02
  0.159804E+02
  0.159962E+02
  0.160120E+02
  0.160278E+02
  0.160436E+02
  0.160593E+02
  0.160750E+02
  0.160906E+02
  0.161062E+02
  0.161218E+02
  0.161373E+02
  0.161528E+02
  0.161682E+02
  0.161836E+02
  0.161990E+02
  0.162144E+02
  0.162297E+02
  0.162450E+02
  0.162602E+02
  0.162754E+02
  0.162906E+02
  0.163057E+02
  0.163208E+02
  0.163358E+02
  0.163508E+02
  0.163658E+02
  0.163807E+02
  0.163957E+02
  0.164105E+02
  0.164253E+02
  0.164402E+02
  0.164549E+02
  0.164696E+02
  0.164843E+02
  0.164989E+02
  0.165136E+02
  0.165281E+02
  0.165427E+02
  0.165572E+02
  0.165716E+02
  0.165861E+02
  0.166005E+02
  0.166149E+02
  0.166292E+02
  0.166435E+02
  0.166578E+02
  0.166720E+02
  0.166862E+02
  0.167004E+02
  0.167145E+02
  0.167286E+02
  0.167427E+02
  0.167568E+02
  0.167708E+02
  0.167847E+02
  0.167987E+02
  0.168126E+02
  0.168265E+02
  0.168404E+02
  0.168542E+02
  0.168680E+02
  0.168818E+02
  0.168955E+02
  0.169092E+02
  0.169229E+02
  0.169366E+02
  0.169502E+02
  0.169638E+02
  0.169774E+02
  0.169909E+02
  0.170044E+02
  0.170179E+02
  0.170314E+02
  0.170448E+02
  0.170582E+02
  0.170716E+02
  0.170849E+02
  0.170982E+02
  0.171115E+02
  0.171248E+02
  0.171380E+02
  0.171513E+02
  0.171645E+02
  0.171776E+02
  0.171907E+02
  0.172038E+02
  0.172169E+02
  0.172300E+02
  0.172430E+02
  0.172560E+02
  0.172689E+02
  0.172819E+02
  0.172948E+02
  0.173077E+02
  0.173206E+02
  0.173334E+02
  0.173462E+02
  0.173590E+02
  0.173718E+02
  0.173845E+02
  0.173972E+02
  0.174099E+02
  0.174226E+02
  0.174352E+02
  0.174478E+02
  0.174604E+02
  0.174730E+02
  0.174855E+02
  0.174980E+02
  0.175105E+02
  0.175230E+02
  0.175354E+02
  0.175478E+02
  0.175602E+02
  0.175726E+02
  0.175849E+02
  0.175973E+02
  0.176096E+02
  0.176218E+02
  0.176341E+02
  0.176463E+02
  0.176585E+02
  0.176707E+02
  0.176829E+02
  0.176950E+02
  0.177071E+02
  0.177193E+02
  0.177313E+02
  0.177434E+02
  0.177554E+02
  0.177674E+02
  0.177794E+02
  0.177914E+02
  0.178033E+02
  0.178152E+02
  0.178272E+02
  0.178391E+02
  0.178509E+02
  0.178627E+02
  0.178746E+02
  0.178864E+02
  0.178981E+02
  0.179099E+02
  0.179217E+02
  0.179334E+02
  0.179451E+02
  0.179568E+02
  0.179684E+02
  0.179800E+02
  0.179917E+02
  0.180033E+02
  0.180148E+02
  0.180264E+02
  0.180380E+02
  0.180495E+02
  0.180610E+02
  0.180725E+02
  0.180839E+02
  0.180954E+02
  0.181068E+02
  0.181182E+02
  0.181296E+02
  0.181409E+02
  0.181523E+02
  0.181636E+02
  0.181749E+02
  0.181862E+02
  0.181975E+02
  0.182087E+02
  0.182199E+02
  0.182311E+02
  0.182423E+02
  0.182535E+02
  0.182646E+02
  0.182758E+02
  0.182869E+02
  0.182980E+02
  0.183091E+02
  0.183202E+02
  0.183312E+02
  0.183422E+02
  0.183532E+02
  0.183642E+02
  0.183752E+02
  0.183861E+02
  0.183971E+02
  0.184080E+02
  0.184189E+02
  0.184297E+02
  0.184406E+02
  0.184515E+02
  0.184623E+02
  0.184731E+02
  0.184839E+02
  0.184947E+02
  0.185054E+02
  0.185162E+02
  0.185269E+02
  0.185376E+02
  0.185483E+02
  0.185590E+02
  0.185697E+02
  0.185803E+02
  0.185910E+02
  0.186017E+02
  0.186123E+02
  0.186229E+02
  0.186335E+02
  0.186440E+02
  0.186546E+02
  0.186651E+02
  0.186757E+02
  0.186862E+02
  0.186967E+02
  0.187072E+02
  0.187177E+02
  0.187282E+02
  0.187386E+02
  0.187491E+02
  0.187595E+02
  0.187699E+02
  0.187804E+02
  0.187908E+02
  0.188011E+02
  0.188115E+02
  0.188218E+02
  0.188322E+02
  0.188425E+02
  0.188528E+02
  0.188631E+02
  0.188734E+02
  0.188837E+02
  0.188940E+02
  0.189042E+02
  0.189145E+02
  0.189247E+02
  0.189349E+02
  0.189451E+02
  0.189553E+02
  0.189655E+02
  0.189757E+02
  0.189858E+02
  0.189960E+02
  0.190061E+02
  0.190163E+02
  0.190264E+02
  0.190365E+02
  0.190466E+02
  0.190567E+02
  0.190668E+02
  0.190769E+02
  0.190869E+02
  0.190970E+02
  0.191070E+02
  0.191171E+02
  0.191271E+02
  0.191371E+02
  0.191471E+02
  0.191571E+02
  0.191671E+02
  0.191771E+02
  0.191871E+02
  0.191971E+02
  0.192070E+02
  0.192169E+02
  0.192269E+02
  0.192368E+02
  0.192467E+02
  0.192566E+02
  0.192665E+02
  0.192764E+02
  0.192863E+02
  0.192962E+02
  0.193060E+02
  0.193159E+02
  0.193257E+02
  0.193356E+02
  0.193454E+02
  0.193552E+02
  0.193650E+02
  0.193748E+02
  0.193846E+02
  0.193944E+02
  0.194042E+02
  0.194139E+02
  0.194237E+02
  0.194334E+02
  0.194432E+02
  0.194529E+02
  0.194627E+02
  0.194724E+02
  0.194821E+02
  0.194918E+02
  0.195016E+02
  0.195113E+02
  0.195210E+02
  0.195307E+02
  0.195403E+02
  0.195500E+02
  0.195597E+02
  0.195694E+02
  0.195790E+02
  0.195887E+02
  0.195984E+02
  0.196080E+02
  0.196176E+02
  0.196273E+02
  0.196369E+02
  0.196465E+02
  0.196561E+02
  0.196658E+02
  0.196754E+02
  0.196850E+02
  0.196946E+02
  0.197042E+02
  0.197137E+02
  0.197233E+02
  0.197329E+02
  0.197425E+02
  0.197520E+02
  0.197616E+02
  0.197711E+02
  0.197807E+02
  0.197902E+02
  0.197998E+02
  0.198093E+02
  0.198188E+02
  0.198283E+02
  0.198378E+02
  0.198473E+02
  0.198568E+02
  0.198663E+02
  0.198758E+02
  0.198853E+02
  0.198948E+02
  0.199043E+02
  0.199138E+02
  0.199233E+02
  0.199327E+02
  0.199422E+02
  0.199517E+02
  0.199612E+02
  0.199706E+02
  0.199801E+02
  0.199895E+02
  0.199990E+02
  0.200085E+02
  0.200179E+02
  0.200273E+02
  0.200368E+02
  0.200462E+02
  0.200557E+02
  0.200651E+02
  0.200745E+02
  0.200840E+02
  0.200934E+02
  0.201028E+02
  0.201123E+02
  0.201217E+02
  0.201311E+02
  0.201405E+02
  0.201499E+02
  0.201593E+02
  0.201687E+02
  0.201781E+02
  0.201875E+02
  0.201969E+02
  0.202063E+02
  0.202157E+02
  0.202251E+02
  0.202345E+02
  0.202439E+02
  0.202533E+02
  0.202626E+02
  0.202720E+02
  0.202814E+02
  0.202908E+02
  0.203001E+02
  0.203095E+02
  0.203189E+02
  0.203283E+02
  0.203376E+02
  0.203470E+02
  0.203564E+02
  0.203658E+02
  0.203751E+02
  0.203845E+02
  0.203939E+02
  0.204033E+02
  0.204127E+02
  0.204221E+02
  0.204315E+02
  0.204409E+02
  0.204503E+02
  0.204597E+02
  0.204691E+02
  0.204785E+02
  0.204879E+02
  0.204973E+02
  0.205067E+02
  0.205162E+02
  0.205256E+02
  0.205350E+02
  0.205444E+02
  0.205539E+02
  0.205633E+02
  0.205727E+02
  0.205822E+02
  0.205916E+02
  0.206010E+02
  0.206105E+02
  0.206199E+02
  0.206294E+02
  0.206388E+02
  0.206483E+02
  0.206577E+02
  0.206672E+02
  0.206766E+02
  0.206861E+02
  0.206956E+02
  0.207050E+02
  0.207145E+02
  0.207240E+02
  0.207335E+02
  0.207430E+02
  0.207524E+02
  0.207619E+02
  0.207714E+02
  0.207809E+02
  0.207904E+02
  0.207999E+02
  0.208095E+02
  0.208190E+02
  0.208285E+02
  0.208381E+02
  0.208476E+02
  0.208572E+02
  0.208668E+02
  0.208763E+02
  0.208859E+02
  0.208955E+02
  0.209051E+02
  0.209147E+02
  0.209243E+02
  0.209339E+02
  0.209435E+02
  0.209531E+02
  0.209628E+02
  0.209724E+02
  0.209821E+02
  0.209917E+02
  0.210014E+02
  0.210110E+02
  0.210207E+02
  0.210304E+02
  0.210401E+02
  0.210498E+02
  0.210595E+02
  0.210692E+02
  0.210789E+02
  0.210887E+02
  0.210984E+02
  0.211082E+02
  0.211179E+02
  0.211277E+02
  0.211375E+02
  0.211473E+02
  0.211570E+02
  0.211668E+02
  0.211767E+02
  0.211865E+02
  0.211963E+02
  0.212061E+02
  0.212160E+02
  0.212258E+02
  0.212357E+02
  0.212456E+02
  0.212555E+02
  0.212654E+02
  0.212753E+02
  0.212853E+02
  0.212952E+02
  0.213052E+02
  0.213152E+02
  0.213251E+02
  0.213352E+02
  0.213452E+02
  0.213552E+02
  0.213653E+02
  0.213754E+02
  0.213854E+02
  0.213955E+02
  0.214056E+02
  0.214158E+02
  0.214259E+02
  0.214361E+02
  0.214462E+02
  0.214564E+02
  0.214667E+02
  0.214769E+02
  0.214871E+02
  0.214974E+02
  0.215076E+02
  0.215179E+02
  0.215282E+02
  0.215385E+02
  0.215489E+02
  0.215592E+02
  0.215696E+02
  0.215800E+02
  0.215904E+02
  0.216008E+02
  0.216113E+02
  0.216217E+02
  0.216322E+02
  0.216427E+02
  0.216532E+02
  0.216637E+02
  0.216743E+02
  0.216849E+02
  0.216955E+02
  0.217061E+02
  0.217167E+02
  0.217274E+02
  0.217382E+02
  0.217489E+02
  0.217596E+02
  0.217704E+02
  0.217812E+02
  0.217921E+02
  0.218029E+02
  0.218138E+02
  0.218248E+02
  0.218357E+02
  0.218467E+02
  0.218577E+02
  0.218687E+02
  0.218797E+02
  0.218909E+02
  0.219020E+02
  0.219131E+02
  0.219243E+02
  0.219355E+02
  0.219468E+02
  0.219580E+02
  0.219693E+02
  0.219807E+02
  0.219920E+02
  0.220034E+02
  0.220149E+02
  0.220263E+02
  0.220378E+02
  0.220494E+02
  0.220610E+02
  0.220725E+02
  0.220842E+02
  0.220959E+02
  0.221076E+02
  0.221193E+02
  0.221312E+02
  0.221430E+02
  0.221549E+02
  0.221668E+02
  0.221788E+02
  0.221909E+02
  0.222029E+02
  0.222151E+02
  0.222273E+02
  0.222394E+02
  0.222518E+02
  0.222641E+02
  0.222765E+02
  0.222890E+02
  0.223015E+02
  0.223140E+02
  0.223266E+02
  0.223393E+02
  0.223520E+02
  0.223648E+02
  0.223777E+02
  0.223906E+02
  0.224035E+02
  0.224166E+02
  0.224297E+02
  0.224428E+02
  0.224561E+02
  0.224694E+02
  0.224827E+02
  0.224962E+02
  0.225098E+02
  0.225233E+02
  0.225370E+02
  0.225508E+02
  0.225645E+02
  0.225785E+02
  0.225925E+02
  0.226065E+02
  0.226207E+02
  0.226349E+02
  0.226492E+02
  0.226637E+02
  0.226781E+02
  0.226928E+02
  0.227075E+02
  0.227222E+02
  0.227372E+02
  0.227521E+02
  0.227672E+02
  0.227825E+02
  0.227977E+02
  0.228132E+02
  0.228288E+02
  0.228444E+02
  0.228603E+02
  0.228761E+02
  0.228922E+02
  0.229084E+02
  0.229247E+02
  0.229412E+02
  0.229577E+02
  0.229746E+02
  0.229915E+02
  0.230085E+02
  0.230258E+02
  0.230431E+02
  0.230607E+02
  0.230784E+02
  0.230964E+02
  0.231145E+02
  0.231328E+02
  0.231513E+02
  0.231700E+02
  0.231890E+02
  0.232081E+02
  0.232276E+02
  0.232472E+02
  0.232671E+02
  0.232873E+02
  0.233078E+02
  0.233285E+02
  0.233496E+02
  0.233710E+02
  0.233927E+02
  0.234148E+02
  0.234372E+02
  0.234601E+02
  0.234833E+02
  0.235071E+02
  0.235312E+02
  0.235558E+02
  0.235810E+02
  0.236066E+02
  0.236329E+02
  0.236600E+02
  0.236875E+02
  0.237158E+02
  0.237452E+02
  0.237753E+02
  0.238063E+02
  0.238384E+02
  0.238720E+02
  0.239068E+02
  0.239431E+02
  0.239809E+02
  0.240203E+02
  0.240617E+02
  0.241053E+02
  0.241517E+02
  0.242013E+02
  0.242557E+02
  0.243152E+02
  0.243827E+02
  0.244587E+02
  0.245470E+02
  0.246574E+02
  0.248286E+02
  0.350000E+02
