        1001
   35.0000000000000     
  0.375116E-02
  0.375114E-02
  0.375113E-02
  0.375111E-02
  0.375109E-02
  0.375108E-02
  0.375107E-02
  0.375105E-02
  0.375103E-02
  0.375101E-02
  0.375100E-02
  0.375098E-02
  0.375096E-02
  0.375094E-02
  0.375093E-02
  0.375091E-02
  0.375089E-02
  0.375088E-02
  0.375087E-02
  0.375085E-02
  0.375083E-02
  0.375081E-02
  0.375080E-02
  0.375078E-02
  0.375076E-02
  0.375074E-02
  0.375073E-02
  0.375071E-02
  0.375070E-02
  0.375068E-02
  0.375067E-02
  0.375065E-02
  0.375063E-02
  0.375061E-02
  0.375060E-02
  0.375058E-02
  0.375056E-02
  0.375054E-02
  0.375053E-02
  0.375052E-02
  0.375050E-02
  0.375048E-02
  0.375047E-02
  0.375045E-02
  0.375043E-02
  0.375041E-02
  0.375040E-02
  0.375038E-02
  0.375036E-02
  0.375034E-02
  0.375033E-02
  0.375032E-02
  0.375030E-02
  0.375028E-02
  0.375027E-02
  0.375025E-02
  0.375023E-02
  0.375021E-02
  0.375020E-02
  0.375018E-02
  0.375017E-02
  0.375015E-02
  0.375014E-02
  0.375012E-02
  0.375010E-02
  0.375008E-02
  0.375007E-02
  0.375005E-02
  0.375003E-02
  0.375001E-02
  0.375000E-02
  0.374998E-02
  0.374997E-02
  0.374995E-02
  0.374994E-02
  0.374992E-02
  0.374990E-02
  0.374988E-02
  0.374987E-02
  0.374985E-02
  0.374983E-02
  0.374981E-02
  0.374980E-02
  0.374978E-02
  0.374977E-02
  0.374975E-02
  0.374974E-02
  0.374972E-02
  0.374970E-02
  0.374968E-02
  0.374967E-02
  0.374965E-02
  0.374963E-02
  0.374962E-02
  0.374961E-02
  0.374959E-02
  0.374957E-02
  0.374955E-02
  0.374954E-02
  0.374952E-02
  0.374950E-02
  0.374948E-02
  0.374947E-02
  0.374945E-02
  0.374943E-02
  0.374942E-02
  0.374941E-02
  0.374939E-02
  0.374937E-02
  0.374935E-02
  0.374934E-02
  0.374932E-02
  0.374930E-02
  0.374928E-02
  0.374927E-02
  0.374925E-02
  0.374924E-02
  0.374922E-02
  0.374921E-02
  0.374919E-02
  0.374917E-02
  0.374915E-02
  0.374914E-02
  0.374912E-02
  0.374910E-02
  0.374908E-02
  0.374907E-02
  0.374906E-02
  0.374904E-02
  0.374902E-02
  0.374901E-02
  0.374899E-02
  0.374897E-02
  0.374895E-02
  0.374894E-02
  0.374892E-02
  0.374890E-02
  0.374888E-02
  0.374887E-02
  0.374886E-02
  0.374884E-02
  0.374882E-02
  0.374881E-02
  0.374854E-02
  0.374681E-02
  0.374508E-02
  0.374335E-02
  0.374161E-02
  0.373988E-02
  0.373814E-02
  0.373641E-02
  0.373467E-02
  0.373294E-02
  0.373121E-02
  0.372948E-02
  0.372774E-02
  0.372601E-02
  0.372428E-02
  0.372255E-02
  0.372081E-02
  0.371908E-02
  0.371735E-02
  0.371561E-02
  0.371387E-02
  0.371214E-02
  0.371041E-02
  0.370868E-02
  0.370694E-02
  0.370521E-02
  0.370403E-02
  0.370332E-02
  0.370269E-02
  0.370206E-02
  0.370142E-02
  0.370079E-02
  0.370016E-02
  0.369953E-02
  0.369890E-02
  0.369826E-02
  0.369763E-02
  0.369700E-02
  0.369634E-02
  0.369557E-02
  0.369464E-02
  0.369370E-02
  0.369276E-02
  0.369183E-02
  0.369090E-02
  0.368997E-02
  0.368903E-02
  0.368809E-02
  0.368716E-02
  0.368623E-02
  0.368529E-02
  0.368436E-02
  0.368540E-02
  0.368723E-02
  0.368905E-02
  0.369088E-02
  0.369271E-02
  0.369454E-02
  0.369637E-02
  0.369820E-02
  0.370003E-02
  0.370186E-02
  0.370368E-02
  0.370551E-02
  0.370734E-02
  0.370919E-02
  0.371105E-02
  0.371291E-02
  0.371477E-02
  0.371664E-02
  0.371850E-02
  0.372035E-02
  0.372222E-02
  0.372407E-02
  0.372593E-02
  0.372779E-02
  0.372965E-02
  0.373070E-02
  0.373053E-02
  0.372954E-02
  0.372856E-02
  0.372757E-02
  0.372659E-02
  0.372560E-02
  0.372462E-02
  0.372364E-02
  0.372265E-02
  0.372166E-02
  0.372068E-02
  0.371969E-02
  0.371905E-02
  0.371929E-02
  0.371968E-02
  0.372007E-02
  0.372046E-02
  0.372085E-02
  0.372124E-02
  0.372162E-02
  0.372201E-02
  0.372240E-02
  0.372279E-02
  0.372318E-02
  0.372357E-02
  0.372391E-02
  0.372417E-02
  0.372443E-02
  0.372468E-02
  0.372495E-02
  0.372520E-02
  0.372546E-02
  0.372572E-02
  0.372597E-02
  0.372623E-02
  0.372649E-02
  0.372674E-02
  0.372701E-02
  0.372699E-02
  0.372680E-02
  0.372656E-02
  0.372631E-02
  0.372608E-02
  0.372583E-02
  0.372559E-02
  0.372534E-02
  0.372510E-02
  0.372486E-02
  0.372462E-02
  0.372437E-02
  0.372419E-02
  0.372442E-02
  0.372512E-02
  0.372582E-02
  0.372652E-02
  0.372722E-02
  0.372792E-02
  0.372862E-02
  0.372933E-02
  0.373003E-02
  0.373073E-02
  0.373143E-02
  0.373213E-02
  0.373301E-02
  0.373443E-02
  0.373640E-02
  0.373836E-02
  0.374033E-02
  0.374230E-02
  0.374426E-02
  0.374623E-02
  0.374820E-02
  0.375016E-02
  0.375212E-02
  0.375409E-02
  0.375605E-02
  0.375802E-02
  0.375420E-02
  0.374942E-02
  0.374464E-02
  0.373985E-02
  0.373507E-02
  0.373029E-02
  0.372551E-02
  0.372072E-02
  0.371594E-02
  0.371116E-02
  0.370638E-02
  0.370159E-02
  0.369773E-02
  0.369630E-02
  0.369578E-02
  0.369527E-02
  0.369476E-02
  0.369425E-02
  0.369374E-02
  0.369322E-02
  0.369271E-02
  0.369220E-02
  0.369168E-02
  0.369117E-02
  0.369066E-02
  0.369060E-02
  0.369109E-02
  0.369185E-02
  0.369261E-02
  0.369337E-02
  0.369413E-02
  0.369489E-02
  0.369565E-02
  0.369640E-02
  0.369717E-02
  0.369793E-02
  0.369869E-02
  0.369931E-02
  0.369913E-02
  0.369611E-02
  0.369309E-02
  0.369007E-02
  0.368706E-02
  0.368405E-02
  0.368103E-02
  0.367801E-02
  0.367499E-02
  0.367197E-02
  0.366896E-02
  0.366594E-02
  0.366293E-02
  0.366166E-02
  0.366274E-02
  0.366381E-02
  0.366489E-02
  0.366596E-02
  0.366703E-02
  0.366811E-02
  0.366919E-02
  0.367026E-02
  0.367134E-02
  0.367241E-02
  0.367348E-02
  0.367456E-02
  0.367396E-02
  0.367262E-02
  0.367109E-02
  0.366955E-02
  0.366802E-02
  0.366649E-02
  0.366497E-02
  0.366344E-02
  0.366191E-02
  0.366038E-02
  0.365885E-02
  0.365731E-02
  0.365632E-02
  0.365694E-02
  0.365917E-02
  0.366139E-02
  0.366362E-02
  0.366584E-02
  0.366807E-02
  0.367030E-02
  0.367253E-02
  0.367475E-02
  0.367697E-02
  0.367920E-02
  0.368143E-02
  0.368311E-02
  0.368328E-02
  0.368248E-02
  0.368168E-02
  0.368088E-02
  0.368007E-02
  0.367927E-02
  0.367847E-02
  0.367767E-02
  0.367686E-02
  0.367606E-02
  0.367525E-02
  0.367446E-02
  0.367365E-02
  0.367507E-02
  0.367649E-02
  0.367791E-02
  0.367934E-02
  0.368076E-02
  0.368218E-02
  0.368359E-02
  0.368502E-02
  0.368644E-02
  0.368786E-02
  0.368928E-02
  0.369070E-02
  0.369301E-02
  0.369669E-02
  0.370086E-02
  0.370503E-02
  0.370920E-02
  0.371337E-02
  0.371754E-02
  0.372172E-02
  0.372589E-02
  0.373006E-02
  0.373423E-02
  0.373840E-02
  0.374257E-02
  0.374493E-02
  0.374548E-02
  0.374542E-02
  0.374537E-02
  0.374531E-02
  0.374525E-02
  0.374520E-02
  0.374514E-02
  0.374509E-02
  0.374503E-02
  0.374498E-02
  0.374492E-02
  0.374534E-02
  0.374764E-02
  0.375420E-02
  0.376076E-02
  0.376732E-02
  0.377388E-02
  0.378044E-02
  0.378699E-02
  0.379356E-02
  0.380012E-02
  0.380667E-02
  0.381323E-02
  0.381979E-02
  0.382635E-02
  0.383115E-02
  0.383462E-02
  0.383810E-02
  0.384158E-02
  0.384505E-02
  0.384852E-02
  0.385200E-02
  0.385548E-02
  0.385896E-02
  0.386243E-02
  0.386590E-02
  0.386938E-02
  0.387286E-02
  0.387827E-02
  0.388422E-02
  0.389027E-02
  0.389632E-02
  0.390237E-02
  0.390842E-02
  0.391447E-02
  0.392052E-02
  0.392657E-02
  0.393262E-02
  0.393867E-02
  0.394472E-02
  0.395056E-02
  0.395601E-02
  0.396112E-02
  0.396622E-02
  0.397133E-02
  0.397644E-02
  0.398155E-02
  0.398666E-02
  0.399176E-02
  0.399687E-02
  0.400198E-02
  0.400708E-02
  0.401219E-02
  0.401745E-02
  0.402312E-02
  0.402895E-02
  0.403477E-02
  0.404059E-02
  0.404641E-02
  0.405223E-02
  0.405806E-02
  0.406388E-02
  0.406970E-02
  0.407553E-02
  0.408135E-02
  0.408717E-02
  0.409291E-02
  0.409814E-02
  0.410338E-02
  0.410862E-02
  0.411385E-02
  0.411909E-02
  0.412432E-02
  0.412956E-02
  0.413479E-02
  0.414002E-02
  0.414526E-02
  0.415050E-02
  0.415573E-02
  0.416128E-02
  0.416714E-02
  0.417310E-02
  0.417907E-02
  0.418503E-02
  0.419100E-02
  0.419697E-02
  0.420293E-02
  0.420889E-02
  0.421486E-02
  0.422082E-02
  0.422678E-02
  0.423275E-02
  0.423674E-02
  0.423903E-02
  0.424103E-02
  0.424304E-02
  0.424504E-02
  0.424704E-02
  0.424905E-02
  0.425106E-02
  0.425306E-02
  0.425507E-02
  0.425707E-02
  0.425908E-02
  0.426069E-02
  0.426102E-02
  0.425941E-02
  0.425779E-02
  0.425618E-02
  0.425456E-02
  0.425295E-02
  0.425134E-02
  0.424973E-02
  0.424811E-02
  0.424650E-02
  0.424489E-02
  0.424327E-02
  0.424166E-02
  0.423704E-02
  0.423123E-02
  0.422542E-02
  0.421960E-02
  0.421379E-02
  0.420797E-02
  0.420215E-02
  0.419634E-02
  0.419052E-02
  0.418471E-02
  0.417889E-02
  0.417308E-02
  0.416684E-02
  0.415807E-02
  0.414831E-02
  0.413856E-02
  0.412880E-02
  0.411905E-02
  0.410929E-02
  0.409953E-02
  0.408978E-02
  0.408002E-02
  0.407026E-02
  0.406051E-02
  0.405075E-02
  0.403887E-02
  0.402380E-02
  0.400659E-02
  0.398939E-02
  0.397219E-02
  0.395500E-02
  0.393779E-02
  0.392059E-02
  0.390339E-02
  0.388619E-02
  0.386899E-02
  0.385178E-02
  0.383458E-02
  0.381607E-02
  0.379415E-02
  0.377166E-02
  0.374918E-02
  0.372670E-02
  0.370422E-02
  0.368173E-02
  0.365925E-02
  0.363676E-02
  0.361428E-02
  0.359180E-02
  0.356932E-02
  0.354683E-02
  0.352265E-02
  0.349422E-02
  0.346580E-02
  0.343737E-02
  0.340895E-02
  0.338052E-02
  0.335209E-02
  0.332367E-02
  0.329525E-02
  0.326682E-02
  0.323839E-02
  0.320997E-02
  0.318154E-02
  0.315013E-02
  0.311672E-02
  0.308271E-02
  0.304871E-02
  0.301470E-02
  0.298069E-02
  0.294669E-02
  0.291268E-02
  0.287867E-02
  0.284467E-02
  0.281066E-02
  0.277665E-02
  0.274228E-02
  0.270576E-02
  0.266673E-02
  0.262769E-02
  0.258866E-02
  0.254962E-02
  0.251059E-02
  0.247156E-02
  0.243251E-02
  0.239348E-02
  0.235445E-02
  0.231541E-02
  0.227638E-02
  0.223738E-02
  0.219848E-02
  0.215969E-02
  0.212090E-02
  0.208211E-02
  0.204331E-02
  0.200452E-02
  0.196573E-02
  0.192694E-02
  0.188815E-02
  0.184936E-02
  0.181057E-02
  0.177177E-02
  0.173298E-02
  0.169490E-02
  0.165695E-02
  0.161899E-02
  0.158103E-02
  0.154307E-02
  0.150512E-02
  0.146716E-02
  0.142920E-02
  0.139125E-02
  0.135329E-02
  0.131533E-02
  0.127737E-02
  0.123978E-02
  0.120314E-02
  0.116685E-02
  0.113056E-02
  0.109428E-02
  0.105799E-02
  0.102171E-02
  0.985419E-03
  0.949133E-03
  0.912847E-03
  0.876561E-03
  0.840275E-03
  0.803989E-03
  0.769954E-03
  0.738621E-03
  0.708639E-03
  0.678656E-03
  0.648674E-03
  0.618691E-03
  0.588708E-03
  0.558726E-03
  0.528743E-03
  0.498761E-03
  0.468778E-03
  0.438796E-03
  0.409121E-03
  0.381295E-03
  0.359940E-03
  0.338584E-03
  0.317228E-03
  0.295873E-03
  0.274516E-03
  0.253160E-03
  0.231805E-03
  0.210449E-03
  0.189094E-03
  0.167738E-03
  0.146382E-03
  0.125027E-03
  0.109257E-03
  0.100938E-03
  0.926186E-04
  0.842992E-04
  0.759797E-04
  0.676603E-04
  0.593408E-04
  0.510214E-04
  0.427019E-04
  0.343824E-04
  0.260630E-04
  0.177435E-04
  0.942408E-05
  0.615992E-05
  0.514255E-05
  0.468688E-05
  0.423121E-05
  0.377554E-05
  0.331987E-05
  0.286420E-05
  0.240853E-05
  0.195287E-05
  0.149720E-05
  0.104153E-05
  0.585860E-06
  0.195286E-06
  0.000000E+00
  0.000000E+00
  0.000000E+00
  0.000000E+00
  0.000000E+00
  0.000000E+00
  0.000000E+00
  0.000000E+00
  0.000000E+00
  0.000000E+00
  0.000000E+00
  0.000000E+00
  0.000000E+00
  0.000000E+00
  0.000000E+00
  0.000000E+00
  0.000000E+00
  0.000000E+00
  0.000000E+00
  0.000000E+00
  0.000000E+00
  0.000000E+00
  0.000000E+00
  0.000000E+00
  0.000000E+00
  0.000000E+00
  0.000000E+00
  0.000000E+00
  0.000000E+00
  0.000000E+00
  0.000000E+00
  0.000000E+00
  0.000000E+00
  0.000000E+00
  0.000000E+00
  0.000000E+00
  0.000000E+00
  0.000000E+00
  0.000000E+00
  0.000000E+00
  0.000000E+00
  0.000000E+00
  0.000000E+00
  0.000000E+00
  0.000000E+00
  0.000000E+00
  0.000000E+00
  0.000000E+00
  0.000000E+00
  0.000000E+00
  0.000000E+00
  0.000000E+00
  0.000000E+00
  0.000000E+00
  0.000000E+00
  0.000000E+00
  0.000000E+00
  0.000000E+00
  0.000000E+00
  0.000000E+00
  0.000000E+00
  0.000000E+00
  0.000000E+00
  0.000000E+00
  0.000000E+00
  0.000000E+00
  0.000000E+00
  0.000000E+00
  0.000000E+00
  0.000000E+00
  0.000000E+00
  0.000000E+00
  0.000000E+00
  0.000000E+00
  0.000000E+00
  0.000000E+00
  0.000000E+00
  0.000000E+00
  0.000000E+00
  0.000000E+00
  0.000000E+00
  0.000000E+00
  0.000000E+00
  0.000000E+00
  0.000000E+00
  0.000000E+00
  0.000000E+00
  0.000000E+00
  0.000000E+00
  0.000000E+00
  0.000000E+00
  0.000000E+00
  0.000000E+00
  0.000000E+00
  0.000000E+00
  0.000000E+00
  0.000000E+00
  0.000000E+00
  0.000000E+00
  0.000000E+00
  0.000000E+00
  0.000000E+00
  0.000000E+00
  0.000000E+00
  0.000000E+00
  0.000000E+00
  0.000000E+00
  0.000000E+00
  0.000000E+00
  0.000000E+00
  0.000000E+00
  0.000000E+00
  0.000000E+00
  0.000000E+00
  0.000000E+00
  0.000000E+00
  0.000000E+00
  0.000000E+00
  0.000000E+00
  0.000000E+00
  0.000000E+00
  0.000000E+00
  0.000000E+00
  0.000000E+00
  0.000000E+00
  0.000000E+00
  0.000000E+00
  0.000000E+00
  0.000000E+00
  0.000000E+00
  0.000000E+00
  0.000000E+00
  0.000000E+00
  0.000000E+00
  0.000000E+00
  0.000000E+00
  0.000000E+00
  0.000000E+00
  0.000000E+00
  0.000000E+00
  0.000000E+00
  0.000000E+00
  0.000000E+00
  0.000000E+00
  0.000000E+00
  0.000000E+00
  0.000000E+00
  0.000000E+00
  0.000000E+00
  0.000000E+00
  0.000000E+00
  0.000000E+00
  0.000000E+00
  0.000000E+00
  0.000000E+00
  0.000000E+00
  0.000000E+00
  0.000000E+00
  0.000000E+00
  0.000000E+00
  0.000000E+00
  0.000000E+00
  0.000000E+00
  0.000000E+00
  0.000000E+00
  0.000000E+00
  0.000000E+00
  0.000000E+00
  0.000000E+00
  0.000000E+00
  0.000000E+00
  0.000000E+00
  0.000000E+00
  0.000000E+00
  0.000000E+00
  0.000000E+00
  0.000000E+00
  0.000000E+00
  0.000000E+00
  0.000000E+00
  0.000000E+00
  0.000000E+00
  0.000000E+00
  0.000000E+00
  0.000000E+00
  0.000000E+00
  0.000000E+00
  0.000000E+00
  0.000000E+00
  0.000000E+00
  0.000000E+00
  0.000000E+00
  0.000000E+00
  0.000000E+00
  0.000000E+00
  0.000000E+00
  0.000000E+00
  0.000000E+00
  0.000000E+00
  0.000000E+00
  0.000000E+00
  0.000000E+00
  0.000000E+00
  0.000000E+00
  0.000000E+00
  0.000000E+00
  0.000000E+00
  0.000000E+00
  0.000000E+00
  0.000000E+00
  0.000000E+00
  0.000000E+00
  0.000000E+00
  0.000000E+00
  0.000000E+00
  0.000000E+00
  0.000000E+00
  0.000000E+00
  0.000000E+00
  0.000000E+00
  0.000000E+00
  0.000000E+00
  0.000000E+00
  0.000000E+00
  0.000000E+00
  0.000000E+00
  0.000000E+00
  0.000000E+00
  0.000000E+00
  0.000000E+00
  0.000000E+00
  0.000000E+00
  0.000000E+00
  0.000000E+00
  0.000000E+00
  0.000000E+00
  0.000000E+00
  0.000000E+00
  0.000000E+00
  0.000000E+00
  0.000000E+00
  0.000000E+00
  0.000000E+00
  0.000000E+00
  0.000000E+00
  0.000000E+00
  0.000000E+00
  0.000000E+00
  0.000000E+00
  0.000000E+00
  0.000000E+00
  0.000000E+00
  0.000000E+00
  0.000000E+00
  0.000000E+00
  0.000000E+00
  0.000000E+00
  0.000000E+00
  0.000000E+00
  0.000000E+00
  0.000000E+00
  0.000000E+00
  0.000000E+00
  0.000000E+00
  0.000000E+00
  0.000000E+00
